2013-08-16 17:56:08
1376690175.59, 0.00995601770285, -4.39822971503e-05, 0.02, 0.0, 0.6
1376690176.08, 0.0199560177028, 0.00855769838838, 0.02, 0.0, -0.6
1376690176.11, 0.0299560177028, 0.00865194616799, 0.02, 0.0, 0.0
1376690176.14, 0.0399560177028, 0.00879017624474, 0.02, 0.0, 0.0
1376690176.17, 0.0499560177028, 0.00990858322942, 0.02, 0.0, 0.3
1376690176.2, 0.0599560177028, 0.0124092909817, 0.02, 0.0, 0.0
1376690176.24, 0.0699560177028, 0.0166944233612, 0.0, 0.02, -0.3
1376690176.27, 0.0799560177028, 0.0213816796003, 0.02, 0.02, 0.3
1376690176.3, 0.0899560177028, 0.0266658384437, 0.0, 0.0, 0.3
1376690176.33, 0.0999560177028, 0.0327919441182, 0.0, 0.0, 0.3
1376690176.36, 0.109956017703, 0.0394018550613, 0.0, 0.0, -0.3
1376690176.39, 0.119956017703, 0.0465646863115, 0.02, -0.02, 0.0
1376690176.91, 0.109956017703, 0.114046096511, 0.02, 0.0, -0.6
1376690177.41, 0.0999560177028, 0.111023884378, 0.0, 0.0, 0.0
1376690177.44, 0.0899560177028, 0.110910787042, 0.02, 0.0, 0.3
1376690177.47, 0.0799560177028, 0.110791406521, 0.02, 0.0, 0.0
1376690177.51, 0.0699560177028, 0.109296008418, 0.02, 0.0, -0.3
1376690177.54, 0.0599560177028, 0.106638221033, 0.02, 0.0, -0.3
1376690177.57, 0.0499560177028, 0.10298769037, 0.02, 0.0, 0.3
1376690177.6, 0.0399560177028, 0.0984575137635, 0.0, -0.02, -0.6
1376690177.63, 0.0299560177028, 0.092984859361, 0.0, 0.0, -0.3
1376690177.66, 0.0199560177028, 0.0871666297665, 0.02, 0.0, 0.3
1376690177.69, 0.00995601770285, 0.0806384002323, 0.02, 0.02, 0.3
1376690177.72, -4.39822971503e-05, 0.0735069849087, 0.02, 0.02, -0.3
1376690177.75, -0.0100439822972, 0.0661242421728, 0.02, 0.0, 0.3
1376690177.78, -0.0200439822972, 0.058458756098, 0.02, -0.05, -0.3
1376690177.81, -0.0300439822972, 0.0503848629783, 0.02, -0.02, 0.6
1376690177.84, -0.0400439822972, 0.0421350406699, 0.02, -0.02, 0.0
1376690177.87, -0.0500439822972, 0.0336590236906, 0.0, -0.02, 0.3
1376690177.9, -0.0600439822972, 0.0249505288548, 0.02, 0.0, 0.3
1376690177.93, -0.0700439822972, 0.0161289366835, 0.02, -0.05, 0.0
1376690177.96, -0.0800439822972, 0.00553548625563, 0.0, -0.05, 0.0
1376690177.99, -0.0900439822972, -0.00365681384878, 0.02, 0.0, 0.0
1376690178.02, -0.100043982297, -0.0126166360968, 0.02, 0.02, 0.6
1376690178.05, -0.110043982297, -0.0220037149457, 0.02, -0.05, -0.3
1376690178.08, -0.120043982297, -0.0315918557245, 0.02, -0.05, -0.6
1376690178.11, -0.130043982297, -0.0411674301326, 0.02, 0.0, 0.6
1376690178.14, -0.140043982297, -0.0508184027645, 0.0, 0.0, 0.3
1376690178.17, -0.150043982297, -0.0604945081375, 0.0, 0.02, 0.0
1376690178.2, -0.160043982297, -0.0701140648428, 0.02, 0.0, 0.3
1376690178.23, -0.170043982297, -0.0797084888069, 0.02, -0.02, 0.3
1376690178.26, -0.180043982297, -0.0893280455122, 0.02, 0.0, 0.3
1376690178.29, -0.190043982297, -0.0990167172558, 0.0, -0.05, -0.3
1376690178.32, -0.200043982297, -0.108372380178, 0.02, 0.0, 0.3
1376690178.36, -0.210043982297, -0.12005910485, 0.02, -0.07, -0.6
1376690178.39, -0.220043982297, -0.129942555338, 0.02, -0.07, 0.0
1376690178.42, -0.230043982297, -0.139725474861, 0.02, -0.02, 0.3
1376690178.45, -0.240043982297, -0.14931361564, 0.02, -0.05, 0.3
1376690178.48, -0.250043982297, -0.159171933387, 0.0, -0.05, -0.3
1376690178.51, -0.260043982297, -0.169005118393, 0.02, -0.02, 0.0
1376690178.54, -0.270043982297, -0.178819453842, 0.02, 0.0, 0.0
1376690178.57, -0.280043982297, -0.188753169813, 0.02, -0.02, 0.3
1376690178.6, -0.290043982297, -0.198661753042, 0.02, -0.02, -0.3
1376690178.63, -0.300043982297, -0.208432106195, 0.02, -0.05, 0.3
1376690178.87, -0.290043982297, -0.270610507995, 0.02, -0.02, 0.3
1376690179.37, -0.280043982297, -0.288429621526, 0.02, -0.02, 0.3
1376690179.4, -0.270043982297, -0.288636966641, 0.0, -0.02, 0.6
1376690179.43, -0.260043982297, -0.28870608168, 0.02, -0.02, -0.3
1376690179.46, -0.250043982297, -0.288027497666, 0.02, -0.02, 0.0
1376690179.49, -0.240043982297, -0.285683869547, 0.02, -0.02, 0.0
1376690179.52, -0.230043982297, -0.282077321181, 0.0, -0.02, 0.6
1376690179.55, -0.220043982297, -0.277704224207, 0.02, 0.0, 0.0
1376690179.58, -0.210043982297, -0.272382366252, 0.0, -0.02, 0.9
1376690179.61, -0.200043982297, -0.266469888877, 0.02, -0.05, 0.6
1376690179.64, -0.190043982297, -0.259935376158, 0.02, 0.0, 0.3
1376690179.67, -0.180043982297, -0.253250066991, 0.02, -0.05, 0.0
1376690179.7, -0.170043982297, -0.245949005664, 0.02, -0.07, 0.0
1376690179.73, -0.160043982297, -0.238308652331, 0.0, -0.05, -0.6
1376690179.76, -0.150043982297, -0.230247325582, 0.0, -0.05, -0.3
1376690179.79, -0.140043982297, -0.222110600609, 0.02, -0.02, 0.3
1376690179.83, -0.130043982297, -0.212340247456, 0.02, -0.02, -0.3
1376690179.86, -0.120043982297, -0.203543788026, 0.02, -0.02, 0.6
1376690179.89, -0.110043982297, -0.194609098519, 0.02, -0.05, 0.3
1376690179.92, -0.100043982297, -0.185605293974, 0.02, -0.02, 0.0
1376690179.95, -0.0900439822972, -0.176400427499, 0.02, 0.0, 0.0
1376690179.98, -0.0800439822972, -0.167025915021, 0.0, -0.02, 0.3
1376690180.01, -0.0700439822972, -0.157626269801, 0.02, 0.0, -0.6
1376690180.04, -0.0600439822972, -0.14820149184, 0.02, -0.05, -0.6
1376690180.07, -0.0500439822972, -0.139053174033, 0.02, 0.05, 0.9
1376690180.1, -0.0400439822972, -0.129559281034, 0.02, 0.02, 0.6
1376690180.13, -0.0300439822972, -0.12007167122, 0.02, -0.02, 0.6
1376690180.16, -0.0200439822972, -0.108944150041, 0.02, -0.02, 0.3
1376690180.19, -0.0100439822972, -0.0992994605947, 0.02, 0.0, 0.6
1376690180.22, -4.39822971503e-05, -0.0895919392951, 0.02, -0.02, 0.3
1376690180.25, 0.00995601770285, -0.0798215861424, 0.02, 0.0, 0.0
1376690180.28, 0.0199560177028, -0.0700009675073, 0.02, 0.0, 0.6
1376690180.31, 0.0299560177028, -0.0602054816134, 0.02, 0.0, 0.0
1376690180.34, 0.0399560177028, -0.050359730237, 0.02, 0.0, -0.3
1376690180.37, 0.0499560177028, -0.0404762797489, 0.02, 0.0, 0.0
1376690180.4, 0.0599560177028, -0.0305739797047, 0.02, -0.05, 0.3
1376690180.43, 0.0699560177028, -0.0208099097374, 0.02, 0.0, 0.0
1376690180.84, 0.0599560177028, 0.057107871257, 0.02, 0.0, -0.3
1376690181.01, 0.0499560177028, 0.0606076054731, 0.02, 0.0, 0.6
