2013-08-16 17:43:53
1376689477.8, -0.01, 0.000745342857064, 0.17, 0.02, 0.9
1376689478.74, 0.0, -0.0090615313102, 0.17, 0.02, 0.5
1376689479.24, 0.01, -0.000510508806208, 0.17, 0.02, 0.5
1376689479.27, 0.02, -0.000352251076284, 0.17, 0.02, 1.2
1376689479.3, 0.03, -0.000224623874732, 0.17, 0.02, 1.2
1376689479.33, 0.04, 0.000541139334581, 0.17, 0.05, 0.5
1376689479.36, 0.05, 0.00283332387446, 0.17, 0.02, 1.2
1376689479.39, 0.06, 0.00629967866861, 0.17, 0.05, 1.2
1376689479.42, 0.07, 0.0103888542063, 0.17, 0.02, 0.2
1376689479.45, 0.08, 0.0155500982371, 0.17, 0.02, 0.9
1376689479.48, 0.09, 0.0209768068471, 0.17, 0.05, 0.5
1376689479.52, 0.1, 0.0272713804276, 0.17, 0.02, 0.9
1376689479.55, 0.11, 0.0353016839493, 0.17, 0.02, 1.2
1376689479.58, 0.12, 0.0426530107587, 0.19, 0.02, 0.5
1376689480.22, 0.13, 0.116901411534, 0.19, 0.5, -1.9
1376689481.22, 0.14, 0.130174640495, 0.22, 0.63, -2.5
1376689482.76, 0.13, 0.140236769065, 0.19, 0.65, -2.5
1376689483.26, 0.12, 0.131818478851, 0.17, 0.2, 0.9
1376689483.29, 0.11, 0.131629590593, 0.17, 0.17, 0.0
1376689483.32, 0.1, 0.131476437951, 0.17, 0.17, -0.6
1376689483.35, 0.09, 0.130445210162, 0.17, 0.12, 0.0
1376689483.38, 0.08, 0.12813260527, 0.17, 0.02, 1.2
1376689483.41, 0.07, 0.124742826797, 0.14, -0.05, 1.5
1376689483.44, 0.06, 0.120776173373, 0.17, -0.05, 0.9
1376689483.47, 0.05, 0.115875288833, 0.17, 0.02, 0.9
1376689483.5, 0.04, 0.110249481789, 0.17, -0.02, 0.5
1376689483.53, 0.03, 0.10394980312, 0.17, 0.0, 0.2
1376689483.56, 0.02, 0.097114090205, 0.19, 0.0, 0.0
1376689483.6, 0.01, 0.0887213254309, 0.17, 0.0, 0.2
1376689489.81, 0.01, -6.28318530718e-05, 0.17, 0.02, 0.5
1376689490.28, 0.02, 0.00826238867894, 0.17, 0.02, 0.9
1376689490.78, 0.03, 0.0186045116946, 0.17, 0.02, 1.2
1376689490.81, 0.04, 0.0187615913272, 0.19, 0.02, 1.5
1376689490.84, 0.05, 0.0189186709599, 0.17, 0.02, 0.5
1376689491.47, 0.04, 0.0482485799738, 0.17, 0.02, 0.0
1376689491.97, 0.03, 0.0416009699188, 0.17, 0.02, 0.0
1376689492.0, 0.02, 0.0414501734715, 0.17, 0.0, 0.2
1376689492.04, 0.01, 0.0413119433947, 0.19, 0.02, 0.5
1376689492.07, -3.46944695195e-18, 0.0405328284166, 0.19, 0.02, 0.5
1376689492.1, -0.01, 0.0383965454122, 0.19, 0.02, 0.9
1376689492.13, -0.02, 0.035160704979, 0.17, 0.02, 0.5
1376689493.33, -0.01, -0.0192956620783, 0.17, 0.02, 1.8
1376689493.83, -3.46944695195e-18, -0.0113285831088, 0.19, 0.02, 0.5
1376689493.86, 0.01, -0.0111652202909, 0.17, 0.02, 0.9
1376689493.89, 0.02, -0.0110144238435, 0.17, 0.02, 0.2
1376689493.92, 0.03, -0.0105431849454, 0.19, 0.02, 0.9
1376689493.95, 0.04, -0.00877132668882, 0.17, 0.05, 0.9
1376689493.98, 0.05, -0.00436053060318, 0.17, 0.02, 0.9
1376689494.01, 0.06, -0.000113097335529, 0.17, 0.0, 0.5
1376689494.04, 0.07, 0.00491345091021, 0.17, 0.02, 1.2
1376689494.07, 0.08, 0.0107002645781, 0.19, -0.02, 0.9
1376689494.1, 0.09, 0.0171593790739, 0.17, 0.05, 0.5
1376689494.13, 0.1, 0.0240708829118, 0.17, 0.0, 0.5
1376689494.16, 0.11, 0.0315353070567, 0.17, 0.0, 0.0
1376689495.22, 0.12, 0.109365123457, 0.19, 0.0, -0.3
1376689495.72, 0.13, 0.118613972229, 0.19, 0.0, -0.3
1376689495.75, 0.14, 0.118802467788, 0.19, 0.0, -0.3
1376689495.78, 0.15, 0.11893441468, 0.17, 0.0, 0.0
1376689495.81, 0.16, 0.119807777437, 0.19, 0.02, -0.3
1376689495.84, 0.17, 0.122088573704, 0.19, 0.0, 0.2
1376689495.88, 0.18, 0.125249015913, 0.17, 0.0, 0.0
1376689495.91, 0.19, 0.129439900513, 0.19, 0.0, 0.2
1376689495.94, 0.2, 0.134485298315, 0.19, 0.02, 0.0
1376689495.97, 0.21, 0.14011503235, 0.17, 0.0, 0.0
1376689496.29, 0.22, 0.194244673771, 0.19, 0.0, -0.7
1376689496.79, 0.23, 0.217354229331, 0.19, 0.0, -0.3
1376689496.82, 0.24, 0.21774378682, 0.19, 0.0, -0.3
1376689496.85, 0.25, 0.218045379715, 0.19, 0.0, -0.3
1376689496.88, 0.26, 0.218843344249, 0.17, 0.0, -1.0
1376689496.91, 0.27, 0.220992193624, 0.19, 0.0, -0.7
1376689497.32, 0.28, 0.262410951169, 0.19, 0.0, -1.0
1376689497.82, 0.29, 0.278037233028, 0.19, -0.02, -0.7
1376689497.85, 0.3, 0.278307409996, 0.17, 0.0, -0.6
1376689497.88, 0.31, 0.278539887853, 0.19, 0.0, -1.0
1376689497.91, 0.32, 0.27950749839, 0.19, 0.0, -1.3
1376689497.94, 0.33, 0.281857409695, 0.17, 0.0, -1.3
1376689498.98, -3.46944695195e-18, 0.0107308951065, 0.19, -0.02, -1.3
1376689499.6, 0.01, 0.00138858395289, 0.19, -0.02, -1.3
1376689499.86, 0.02, 0.00684592309125, 0.19, -0.02, -1.3
1376689500.36, 0.03, 0.0190879242641, 0.19, 0.0, -1.3
1376689500.39, 0.04, 0.0193074430508, 0.19, -0.02, -1.6
1376689500.42, 0.05, 0.0195065414852, 0.19, -0.02, -1.6
1376689500.45, 0.06, 0.0203539861035, 0.19, 0.0, -1.3
1376689500.48, 0.07, 0.0229269504868, 0.19, 0.0, -1.9
1376689500.51, 0.08, 0.026561773187, 0.17, 0.0, -0.6
1376689500.54, 0.09, 0.0310644608578, 0.19, -0.02, -1.9
1376689500.57, 0.1, 0.0362154947124, 0.19, 0.0, -1.3
1376689500.6, 0.11, 0.0415707320895, 0.17, 0.0, -1.3
1376689501.35, 0.12, 0.108799636779, 0.19, -0.02, -1.9
1376689502.04, 0.13, 0.120086986484, 0.19, -0.02, -1.9
1376689502.54, 0.14, 0.129332300965, 0.19, -0.02, -2.3
1376689502.57, 0.15, 0.129505873959, 0.19, 0.0, -1.9
1376689502.6, 0.16, 0.129669236777, 0.19, -0.02, -2.9
1376689502.63, 0.17, 0.130297162609, 0.19, 0.0, -1.9
1376689502.66, 0.18, 0.132676133645, 0.19, 0.0, -1.9
1376689502.69, 0.19, 0.135963810357, 0.19, -0.02, -1.9
1376689502.72, 0.2, 0.140134667304, 0.19, -0.02, -1.6
1376689503.2, 0.21, 0.194212865146, 0.19, -0.02, -2.6
1376689503.7, 0.22, 0.208864467884, 0.19, -0.02, -2.9
1376689503.73, 0.23, 0.209089091759, 0.19, -0.02, -2.9
1376689503.76, 0.24, 0.209354556338, 0.19, -0.02, -3.5
1376689503.79, 0.25, 0.210263262013, 0.19, -0.02, -2.3
1376689503.82, 0.26, 0.212851541661, 0.19, -0.02, -2.6
1376689504.19, 0.27, 0.251415376881, 0.47, 0.52, 11.4
1376689504.69, 0.28, 0.268277482751, 0.5, 0.7, 12.4
1376689504.72, 0.29, 0.268604208387, 0.5, 0.7, 12.1
1376689504.75, 0.3, 0.268844147525, 0.5, 0.7, 12.4
1376689504.78, 0.31, 0.26951801915, 0.5, 0.75, 13.1
1376689504.81, 0.32, 0.271447742437, 0.5, 0.85, 14.1
1376689504.84, 0.33, 0.274714998797, 0.47, 0.93, 14.7
1376689504.87, 0.34, 0.278599970812, 0.42, 0.88, 13.1
1376689504.9, 0.35, 0.285364212494, 0.42, 0.9, 12.2
1376689504.93, 0.36, 0.290964494098, 0.4, 0.9, 13.1
1376689504.96, 0.37, 0.297299908383, 0.37, 1.03, 14.4
1376689504.99, 0.38, 0.30423772306, 0.3, 0.7, 12.8
1376689505.02, 0.39, 0.311803463568, 0.3, 0.73, 13.5
1376689505.05, 0.4, 0.319649983919, 0.32, 0.8, 13.5
1376689505.08, 0.41, 0.327608816208, 0.35, 0.95, 14.4
1376689505.85, 0.42, 0.40816200074, 0.35, 2.31, 23.9
1376689506.57, 0.43, 0.419781181169, 0.35, 2.46, 23.9
1376689506.94, 0.44, 0.427729803282, 0.33, 2.62, 24.6
1376689507.3, 0.45, 0.437199741637, 0.35, 2.79, 25.6
1376689507.75, 0.46, 0.448093999561, 0.35, 2.94, 25.3
1376689508.25, 0.47, 0.45868705729, 0.33, 3.04, 25.6
1376689509.22, 0.48, 0.470010142612, 0.35, 3.17, 26.3
1376689513.99, 0.34, 0.329685016253, 0.35, 3.12, 24.0
1376689514.39, 0.35, 0.337262537733, 0.35, 3.37, 26.6
1376689514.89, 0.36, 0.3479251032, 0.33, 3.32, 25.3
1376689514.92, 0.37, 0.348119881944, 0.33, 3.32, 25.0
1376689515.2, 0.38, 0.362062270141, 0.33, 3.4, 26.0
1376689515.59, 0.39, 0.376199437082, 0.33, 3.52, 26.3
1376689516.14, 0.4, 0.388124922795, 0.3, 3.6, 26.3
1376689516.64, 0.41, 0.397920408689, 0.3, 3.65, 26.7
1376689516.67, 0.42, 0.398115187434, 0.3, 3.67, 26.7
1376689516.99, 0.43, 0.413282796765, 0.28, 3.72, 26.7
1376689517.49, 0.44, 0.427633592007, 0.28, 3.93, 28.0
1376689517.52, 0.45, 0.427853503492, 0.3, 3.93, 28.0
1376689517.55, 0.46, 0.42801686631, 0.28, 3.93, 27.4
1376689517.58, 0.47, 0.428890229068, 0.28, 4.03, 28.0
1376689517.61, 0.48, 0.431013945702, 0.28, 4.08, 29.0
1376689517.64, 0.49, 0.434318901173, 0.28, 4.1, 29.6
1376689520.51, 0.5, 0.489340754908, 0.63, 3.52, 24.3
1376689521.2, 0.51, 0.498746683313, 0.55, 3.98, 26.6
1376689521.55, 0.52, 0.506688629542, 0.48, 3.85, 26.3
1376689521.86, 0.53, 0.515566770381, 0.48, 4.1, 28.3
1376689522.17, 0.54, 0.525318273977, 0.43, 4.1, 27.7
1376689522.55, 0.55, 0.536389246489, 0.43, 4.05, 27.7
1376689522.9, 0.56, 0.546322962459, 0.43, 4.13, 28.3
1376689523.28, 0.57, 0.55647030673, 0.43, 4.18, 28.6
1376689523.88, 0.58, 0.56842720837, 0.4, 4.23, 28.6
1376689524.24, 0.59, 0.576551366972, 0.45, 4.35, 30.3
1376689524.63, 0.6, 0.586843224505, 0.43, 4.48, 30.6
1376689525.11, 0.61, 0.59777596694, 0.45, 4.48, 30.9
1376689525.5, 0.62, 0.60688030245, 0.48, 4.61, 31.9
1376689526.04, 0.63, 0.618064372297, 0.5, 4.53, 31.2
1376689526.5, 0.64, 0.627589681222, 0.55, 4.66, 33.2
1376689527.01, 0.65, 0.637894105126, 0.55, 4.63, 31.9
1376689527.49, 0.66, 0.647871803394, 0.53, 4.63, 31.9
1376689528.06, 0.67, 0.65833330693, 0.5, 4.76, 32.9
1376689528.72, 0.68, 0.668644014019, 0.5, 4.83, 33.5
1376689529.22, 0.69, 0.677880296421, 0.55, 4.96, 33.8
1376689529.25, 0.7, 0.67805622561, 0.55, 4.91, 32.5
1376689529.29, 0.71, 0.678207022057, 0.55, 4.91, 33.5
1376689529.32, 0.72, 0.679080384815, 0.55, 5.04, 34.2
1376689529.35, 0.73, 0.68124180056, 0.58, 5.14, 36.1
1376689529.38, 0.74, 0.684477640994, 0.58, 5.14, 35.1
1376689529.41, 0.75, 0.688637109667, 0.55, 5.09, 34.8
1376689529.44, 0.76, 0.693669941098, 0.55, 5.19, 35.5
1376689529.47, 0.77, 0.699255692836, 0.55, 5.41, 37.4
1376689529.5, 0.78, 0.706368258604, 0.58, 5.39, 37.4
1376689529.53, 0.79, 0.713072417327, 0.58, 5.41, 37.7
1376689531.59, 0.8, 0.789149225026, 0.48, 5.06, 35.5
1376689532.09, 0.81, 0.798027365865, 0.45, 5.21, 36.5
1376689532.12, 0.82, 0.798203295053, 0.45, 5.21, 36.1
1376689532.15, 0.83, 0.798398073798, 0.45, 5.21, 36.1
1376689532.18, 0.84, 0.799177188776, 0.45, 5.39, 37.1
1376689532.22, 0.85, 0.80120665763, 0.43, 5.44, 38.1
1376689532.25, 0.86, 0.804863471479, 0.41, 5.49, 38.4
1376689532.28, 0.87, 0.809004090597, 0.41, 5.54, 38.5
1376689532.31, 0.88, 0.813961523804, 0.38, 5.39, 37.2
1376689535.3, 0.87, 0.879155854551, 0.31, 5.31, 37.2
1376689535.8, 0.86, 0.870993996837, 0.28, 4.83, 33.9
1376689535.83, 0.85, 0.870818067649, 0.3, 4.93, 35.2
1376689535.86, 0.84, 0.870660988016, 0.3, 4.81, 32.9
1376689535.89, 0.83, 0.870202315488, 0.3, 4.78, 33.2
1376689535.92, 0.82, 0.868059749299, 0.3, 4.53, 31.3
1376689535.95, 0.81, 0.864974705313, 0.3, 4.53, 31.3
1376689535.98, 0.8, 0.861525236579, 0.3, 4.2, 28.3
1376689536.01, 0.79, 0.855801254764, 0.3, 4.18, 28.7
1376689536.04, 0.78, 0.850058423394, 0.3, 4.08, 27.7
1376689536.07, 0.77, 0.843806654013, 0.3, 3.93, 26.7
1376689536.1, 0.76, 0.836932849287, 0.33, 3.9, 26.4
1376689536.13, 0.75, 0.829663203887, 0.33, 3.72, 25.4
1376689536.16, 0.74, 0.822198779742, 0.33, 3.57, 24.4
1376689536.2, 0.73, 0.814684090114, 0.33, 3.4, 23.4
1376689536.22, 0.72, 0.806603913809, 0.35, 3.5, 22.8
1376689536.26, 0.71, 0.796858693398, 0.33, 3.17, 21.1
1376689536.29, 0.7, 0.788225596786, 0.35, 3.04, 20.2
1376689536.56, 0.69, 0.724928788001, 0.4, 2.84, 19.2
1376689537.05, 0.68, 0.693713923395, 0.4, 2.64, 18.2
1376689537.09, 0.67, 0.693267817238, 0.42, 2.72, 19.1
1376689537.12, 0.66, 0.692827994267, 0.4, 2.72, 19.1
1376689537.15, 0.65, 0.691772419135, 0.4, 2.46, 16.9
1376689537.18, 0.64, 0.689510472425, 0.4, 2.67, 18.5
1376689537.21, 0.63, 0.686186667397, 0.4, 2.39, 17.8
1376689537.24, 0.62, 0.681851269535, 0.4, 2.62, 18.5
1376689537.27, 0.61, 0.676699057583, 0.4, 2.31, 15.9
1376689537.3, 0.6, 0.671113305845, 0.4, 2.19, 15.2
1376689537.33, 0.59, 0.664861536465, 0.42, 2.21, 15.9
1376689537.36, 0.58, 0.658176227298, 0.4, 2.04, 14.6
1376689537.39, 0.57, 0.649681360762, 0.42, 2.16, 15.2
1376689537.42, 0.56, 0.643435874567, 0.42, 1.91, 14.2
1376689537.45, 0.55, 0.635764105307, 0.45, 1.91, 12.6
1376689537.48, 0.54, 0.627533132555, 0.42, 1.76, 12.6
1376689537.51, 0.53, 0.619075965131, 0.45, 1.91, 13.9
1376689537.54, 0.52, 0.608985169528, 0.42, 1.56, 11.3
1376689537.57, 0.51, 0.600069329577, 0.42, 1.58, 11.3
1376689537.6, 0.5, 0.591046675476, 0.4, 1.36, 9.0
1376689537.63, 0.49, 0.581804109889, 0.42, 1.31, 9.6
1376689537.66, 0.48, 0.57232278326, 0.35, 1.28, 7.7
1376689537.69, 0.47, 0.562935704411, 0.4, 1.08, 5.4
1376689537.72, 0.46, 0.553460660968, 0.37, 0.95, 5.4
1376689537.75, 0.45, 0.543859953819, 0.34, 1.0, 4.5
1376689537.78, 0.44, 0.534454025414, 0.32, 0.83, 3.5
1376689537.82, 0.43, 0.523383052903, 0.32, 0.95, 5.4
1376689537.84, 0.42, 0.515748982755, 0.27, 1.03, 5.1
1376689537.88, 0.41, 0.504206771345, 0.32, 0.9, 3.5
1376689538.16, 0.4, 0.435217396672, 0.32, 1.13, 6.1
1376689538.66, 0.39, 0.403606691392, 0.32, 1.18, 6.1
1376689538.69, 0.38, 0.403129169309, 0.35, 1.15, 6.1
1376689538.72, 0.37, 0.402764744561, 0.32, 1.23, 6.4
1376689538.75, 0.36, 0.401765718097, 0.32, 1.08, 5.1
1376689538.78, 0.35, 0.39948492183, 0.32, 1.08, 4.8
1376689538.81, 0.34, 0.396148550432, 0.32, 1.0, 5.1
1376689538.85, 0.33, 0.391360763228, 0.27, 1.0, 4.8
1376689538.88, 0.32, 0.386195984906, 0.32, 1.13, 6.1
1376689538.91, 0.31, 0.380559967685, 0.27, 0.93, 5.4
1376689538.94, 0.3, 0.374063154078, 0.3, 1.1, 6.4
1376689538.97, 0.29, 0.367264747575, 0.27, 1.03, 4.8
1376689541.77, 0.28, 0.290270594821, 0.3, 1.56, 9.4
1376689542.27, 0.27, 0.281656347765, 0.3, 1.56, 9.4
1376689542.3, 0.26, 0.281442719464, 0.32, 1.61, 10.3
1376689542.33, 0.25, 0.281323338944, 0.3, 1.61, 10.0
1376689542.36, 0.24, 0.280563073521, 0.3, 1.41, 8.1
1376689542.39, 0.23, 0.278477056, 0.3, 1.33, 7.7
1376689542.42, 0.22, 0.275109268675, 0.3, 1.46, 8.4
1376689542.45, 0.21, 0.271088030078, 0.3, 1.53, 9.4
1376689542.48, 0.2, 0.266155729612, 0.3, 1.53, 9.7
1376689542.51, 0.19, 0.260331216832, 0.3, 1.43, 8.1
1376689542.54, 0.18, 0.254098297008, 0.32, 1.38, 8.4
