2013-08-16 17:56:47
1376690211.24, 0.153551706245, 0.163403658691, 0.02, 0.0, 0.3
1376690211.74, 0.143551706245, 0.154796480218, 0.02, 0.02, 0.9
1376690211.77, 0.133551706245, 0.154658642841, 0.02, 0.02, 0.0
1376690211.8, 0.123551706245, 0.154428913878, 0.02, 0.02, 0.0
1376690211.83, 0.113551706245, 0.153091380806, 0.02, 0.02, 0.3
1376690211.86, 0.103551706245, 0.150349948516, 0.02, 0.02, -0.3
1376690211.89, 0.093551706245, 0.146745756345, 0.02, 0.0, 0.3
1376690211.92, 0.083551706245, 0.142156282177, 0.02, 0.02, 0.6
1376690211.95, 0.073551706245, 0.136719363391, 0.02, 0.02, 0.0
1376690211.98, 0.063551706245, 0.130669834037, 0.02, 0.0, 0.0
1376690212.01, 0.053551706245, 0.124125111141, 0.0, 0.02, 0.3
1376690212.04, 0.043551706245, 0.117355764371, 0.02, 0.02, 0.3
1376690212.07, 0.033551706245, 0.110024857914, 0.02, 0.02, -0.3
1376690212.54, 0.043551706245, 0.0413205827745, 0.02, 0.0, 0.6
1376690213.05, 0.053551706245, 0.0427857430483, 0.02, 0.0, 0.0
1376690213.08, 0.063551706245, 0.0428623193693, 0.02, 0.02, 0.3
1376690213.11, 0.073551706245, 0.0429950516589, 0.02, 0.02, -0.3
1376690213.14, 0.083551706245, 0.043995648919, 0.02, 0.02, 0.3
1376690213.17, 0.093551706245, 0.0469106542025, 0.02, 0.02, 0.0
1376690213.2, 0.103551706245, 0.0506322633997, 0.02, 0.02, 0.0
1376690213.23, 0.113551706245, 0.055257473184, 0.02, 0.05, -0.3
1376690213.26, 0.123551706245, 0.060602500385, 0.02, 0.02, 0.0
1376690213.29, 0.133551706245, 0.0666316093863, 0.02, 0.02, 0.3
1376690213.32, 0.143551706245, 0.0729670236714, 0.02, 0.05, 0.6
1376690213.35, 0.153551706245, 0.0800018350209, 0.02, 0.02, 0.6
1376690213.38, 0.163551706245, 0.0875063144722, 0.02, 0.02, 0.3
1376690213.41, 0.173551706245, 0.0953426246475, 0.02, 0.02, 0.6
1376690213.44, 0.183551706245, 0.103459714666, 0.02, 0.02, 0.6
1376690213.47, 0.193551706245, 0.111883109969, 0.02, 0.0, 0.3
1376690213.5, 0.203551706245, 0.120469868089, 0.02, 0.02, 0.3
1376690213.53, 0.213551706245, 0.129281250084, 0.02, 0.0, 0.0
1376690213.56, 0.223551706245, 0.138102842255, 0.02, 0.0, 0.0
1376690213.59, 0.233551706245, 0.147057166716, 0.02, 0.05, 0.0
1376690213.62, 0.243551706245, 0.155863443623, 0.02, 0.02, 0.0
1376690213.65, 0.253551706245, 0.165083232664, 0.02, 0.02, 1.2
1376690213.68, 0.263551706245, 0.174435753993, 0.02, 0.0, 0.3
1376690213.71, 0.273551706245, 0.183910797437, 0.02, 0.02, 0.6
1376690213.74, 0.283551706245, 0.193406261232, 0.0, 0.02, 0.3
1376690213.77, 0.293551706245, 0.203034457317, 0.02, 0.02, 0.3
1376690213.8, 0.303551706245, 0.212729019547, 0.02, 0.02, 0.3
1376690213.83, 0.313551706245, 0.224016369252, 0.02, 0.02, 0.6
1376690213.86, 0.323551706245, 0.232138564359, 0.02, 0.02, 0.6
1376690213.89, 0.333551706245, 0.241634028155, 0.0, 0.05, 0.6
1376690213.92, 0.343551706245, 0.253074530502, 0.02, 0.02, 0.3
1376690213.95, 0.353551706245, 0.262912035197, 0.02, 0.02, 0.6
1376690213.98, 0.363551706245, 0.272785275509, 0.02, 0.05, 0.9
1376690214.01, 0.373551706245, 0.282724881966, 0.0, 0.05, 0.3
1376690214.04, 0.383551706245, 0.292644068071, 0.02, 0.02, 0.9
1376690214.69, 0.373551706245, 0.379450985479, 0.02, 0.05, 0.9
1376690215.19, 0.363551706245, 0.374162114246, 0.02, 0.07, 0.9
1376690215.22, 0.353551706245, 0.374044697221, 0.02, 0.05, 1.2
1376690215.26, 0.343551706245, 0.373886439491, 0.02, 0.05, 0.9
1376690215.29, 0.333551706245, 0.372742899765, 0.02, 0.07, 0.6
1376690215.31, 0.323551706245, 0.37070086454, 0.0, 0.05, 0.3
1376690215.35, 0.313551706245, 0.366535112681, 0.02, 0.05, 0.9
1376690215.38, 0.303551706245, 0.361889482545, 0.02, 0.05, 0.6
1376690215.41, 0.293551706245, 0.35655466552, 0.02, 0.05, 0.6
1376690215.44, 0.283551706245, 0.35046940055, 0.02, 0.05, 0.3
