2013-08-16 17:17:04
time	LAP	LKN	m_x	m_y	f_z
1376687824.09, -0.0197480514205, 0.109769603511, 0.02, 0.0, 0.3
1376687824.19, -0.0197480514205, 0.109769603511, 0.02, 0.0, 0.3
1376687824.29, -0.0197480514205, 0.109769603511, 0.02, 0.02, 0.9
1376687824.39, -0.0197480514205, 0.109769603511, 0.02, 0.0, 0.0
1376687824.49, -0.0197480514205, 0.109769603511, 0.02, 0.0, 0.3
1376687824.59, -0.0197480514205, 0.109769603511, 0.0, 0.0, 0.9
1376687824.69, -0.0197480514205, 0.109769603511, 0.02, 0.02, 0.9
1376687824.79, -0.0197480514205, 0.109769603511, 0.02, 0.02, 0.3
1376687824.89, -0.0197480514205, 0.109769603511, 0.02, 0.02, 0.6
1376687824.99, -0.0197480514205, 0.109769603511, 0.02, 0.0, 0.9
1376687825.09, -0.0197480514205, 0.109769603511, 0.02, 0.02, 0.3
1376687825.19, -0.0197480514205, 0.109769603511, 0.02, 0.0, 0.6
1376687825.29, -0.0197480514205, 0.109769603511, 0.02, 0.02, 0.6
1376687825.4, -0.0197480514205, 0.109769603511, 0.02, 0.0, 0.6
1376687825.5, -0.0197480514205, 0.109769603511, 0.02, 0.02, 0.6
1376687825.6, -0.0197480514205, 0.109769603511, 0.02, 0.02, 0.3
1376687825.7, -0.0197480514205, 0.109769603511, 0.02, 0.02, 0.9
1376687825.8, -0.0197480514205, 0.109769603511, 0.02, 0.02, 0.9
1376687825.9, -0.0197480514205, 0.109769603511, 0.02, 0.02, 0.6
1376687826.0, -0.0197480514205, 0.109769603511, 0.02, 0.0, 0.6
1376687826.1, -0.0197480514205, 0.109769603511, 0.02, 0.02, 0.6
1376687826.2, -0.0197480514205, 0.109769603511, 0.02, 0.0, 0.0
1376687826.3, -0.0197480514205, 0.109769603511, 0.02, 0.02, 0.9
1376687826.4, -0.0197480514205, 0.109769603511, 0.02, 0.0, 0.0
1376687826.5, -0.0197480514205, 0.109769603511, 0.02, 0.02, 0.9
1376687826.6, -0.0197480514205, 0.109769603511, 0.02, 0.0, 1.2
1376687826.7, -0.0197480514205, 0.109769603511, 0.02, 0.02, 0.3
1376687826.8, -0.0197480514205, 0.109769603511, 0.02, 0.0, 0.3
1376687826.9, -0.0197480514205, 0.109769603511, 0.02, 0.02, 0.6
1376687827.0, -0.0197417682352, 0.109790023863, 0.0, -0.25, 0.0
1376687827.1, -0.0197417682352, 0.109779813687, -0.14, -0.17, 2.9
1376687827.2, -0.0197480514205, 0.109774708599, -0.14, -0.17, 3.2
1376687827.3, -0.0197417682352, 0.109774708599, 0.02, -0.52, -2.6
1376687827.4, -0.0197480514205, 0.109774708599, 0.12, 0.0, 1.8
1376687827.51, -0.0197292018645, 0.109769603511, 0.37, -1.46, -8.0
1376687827.61, -0.0197040691233, 0.109795128951, 0.02, -2.06, -8.6
1376687827.71, -0.0195595558613, 0.109815549303, 0.04, -3.75, -14.9
1376687827.81, -0.01953442312, 0.109820654392, 0.17, -2.92, -10.6
1376687827.91, -0.0195972549731, 0.109805339127, 0.09, -0.93, -1.4
1376687828.01, -0.019697785938, 0.109784918775, 0.05, 0.6, 6.1
1376687828.11, -0.019779467347, 0.109754288247, 0.02, 0.95, 11.6
1376687828.21, -0.019861148756, 0.109713447542, -0.66, 1.2, 24.7
1376687828.31, -0.0198485823854, 0.10971855263, -0.94, -0.32, 20.1
1376687828.41, -0.0197103523086, 0.109769603511, -1.26, -2.59, 11.3
1376687828.51, -0.0195909717878, 0.10982575948, -0.64, -2.01, 3.1
1376687828.61, -0.0197354850499, 0.109805339127, 0.47, 0.98, 11.5
1376687828.71, -0.0198548655707, 0.109784918775, 0.75, 1.76, 18.3
1376687828.81, -0.0197669009764, 0.109779813687, -0.24, -1.91, 4.0
1376687828.91, -0.0194338921551, 0.109830864568, -0.02, -5.51, -14.4
1376687829.01, -0.0194401753404, 0.109820654392, -0.15, -4.43, -12.0
1376687829.11, -0.0195846886025, 0.109810444215, 0.12, -0.6, 6.6
1376687829.21, -0.019942830165, 0.109703237366, 0.38, 2.26, 21.0
1376687829.32, -0.0200307947593, 0.109713447542, 0.2, 3.32, 28.9
1376687829.42, -0.0199868124621, 0.10969302719, -0.14, -0.4, 15.1
1376687829.52, -0.0196538036409, 0.109738972983, 0.34, -3.72, 0.7
1376687829.62, -0.0196349540849, 0.109764498423, 0.44, -3.04, -5.6
1376687829.72, -0.0196412372702, 0.109800234039, 0.59, -2.04, -5.8
1376687829.82, -0.0196412372702, 0.109800234039, 1.29, -2.21, -7.0
1376687829.92, -0.0196475204556, 0.109810444215, 1.11, -2.09, -4.7
1376687830.02, -0.0196475204556, 0.109805339127, 0.99, -1.41, -1.4
1376687830.12, -0.0196915027527, 0.109779813687, 0.97, -0.68, 1.2
1376687830.22, -0.0197229186792, 0.109744078071, 1.19, -0.37, 1.5
1376687830.32, -0.0197606177911, 0.10971855263, 1.32, -0.4, 1.8
1376687830.42, -0.0197857505323, 0.10971855263, 0.3, 0.2, 10.2
1376687830.52, -0.0198485823854, 0.109723657718, -0.56, 1.2, 20.5
1376687830.62, -0.0200622106858, 0.10971855263, -1.28, 3.67, 33.9
1376687830.72, -0.0201627416507, 0.109723657718, -1.05, 4.68, 38.5
1376687830.82, -0.0202255735038, 0.10969302719, -0.73, 4.3, 37.0
1376687830.92, -0.0201753080214, 0.10969302719, -0.66, 1.56, 15.5
1376687831.02, -0.0201438920948, 0.109703237366, -0.37, 0.88, 8.5
1376687831.12, -0.0200684938711, 0.109723657718, -0.24, 0.47, 8.4
1376687831.22, -0.0200622106858, 0.10971855263, -0.34, 0.55, 8.8
1376687831.32, -0.0199805292768, 0.109764498423, 0.0, 0.12, 3.8
1376687831.43, -0.0199679629062, 0.109774708599, 0.02, 0.6, 10.0
1376687831.53, -0.0199742460915, 0.109738972983, -0.14, 1.13, 16.9
1376687831.63, -0.0199868124621, 0.109733867894, -0.29, 1.68, 27.9
1376687831.73, -0.0200747770564, 0.109687922102, -0.38, 1.94, 35.7
1376687831.83, -0.0200559275005, 0.109687922102, -0.11, 0.75, 25.5
1376687831.93, -0.0199742460915, 0.109754288247, -0.17, 0.2, 11.0
1376687832.03, -0.0199679629062, 0.109774708599, -0.39, 1.03, 12.1
1376687832.13, -0.0199679629062, 0.109769603511, -0.12, 0.93, 13.9
1376687832.23, -0.0199679629062, 0.109759393335, -0.21, 0.68, 20.4
1376687832.33, -0.0199679629062, 0.109774708599, -0.09, 0.45, 22.2
1376687832.43, -0.0199679629062, 0.109774708599, -0.04, 0.52, 27.0
1376687832.53, -0.0199679629062, 0.109769603511, -0.06, 0.55, 22.5
1376687832.63, -0.0199679629062, 0.109754288247, -0.21, 0.5, 16.8
1376687832.73, -0.0199679629062, 0.109759393335, -0.31, 0.8, 17.5
1376687832.83, -0.0199742460915, 0.109764498423, -0.24, 0.47, 21.9
1376687832.93, -0.0199679629062, 0.109774708599, -0.14, 0.25, 27.0
1376687833.03, -0.0199679629062, 0.109795128951, -0.03, 0.3, 32.2
1376687833.13, -0.0199742460915, 0.109790023863, -0.38, 1.15, 45.5
1376687833.23, -0.0199742460915, 0.109774708599, -0.28, 1.15, 47.4
1376687833.33, -0.0199805292768, 0.109769603511, -0.4, 2.06, 55.6
1376687833.43, -0.0200999097977, 0.109744078071, -0.83, 3.47, 53.7
1376687833.53, -0.0201815912067, 0.109723657718, -1.18, 4.0, 49.0
1376687833.64, -0.0201753080214, 0.109698132278, -0.71, 2.54, 22.0
1376687833.74, -0.0201124761683, 0.109728762806, -0.29, 1.0, 6.3
1376687833.84, -0.0200684938711, 0.109728762806, -0.09, 0.7, 3.3
1376687833.94, -0.020024511574, 0.109764498423, -0.14, 0.4, 1.0
1376687834.04, -0.0199679629062, 0.109795128951, -0.02, 0.2, 0.3
1376687834.14, -0.0199491133503, 0.10982575948, -0.09, 0.15, 0.6
1376687834.24, -0.0198422992001, 0.10982575948, 0.07, -1.18, -3.0
1376687834.34, -0.0197731841617, 0.10982575948, 0.02, -1.33, -3.3
1376687834.44, -0.0197920337176, 0.109815549303, -0.24, -0.25, 5.5
1376687834.54, -0.0201313257242, 0.109677711926, -0.71, 3.57, 32.8
1376687834.64, -0.0203261044687, 0.10966750175, -1.05, 5.97, 48.3
1376687834.74, -0.0204392018043, 0.109662396662, -1.3, 5.79, 47.7
1376687834.84, -0.0202381398744, 0.109698132278, -1.53, 1.18, 32.4
1376687834.94, -0.0199365469797, 0.109759393335, -1.11, -1.05, 22.0
1376687835.04, -0.0195030071935, 0.109989122298, -0.84, -3.67, 7.1
1376687835.14, -0.0194967240082, 0.110126959675, -0.52, -2.57, 2.4
1376687835.24, -0.0198674319413, 0.110029963002, -0.41, 2.41, 20.9
1376687835.34, -0.0199742460915, 0.109917651065, -0.49, 3.42, 24.0
1376687835.44, -0.0202444230597, 0.109805339127, -1.25, 5.87, 43.2
1376687835.54, -0.0204580513602, 0.109698132278, -2.22, 6.7, 51.3
1376687835.64, -0.0202884053569, 0.109708342454, -1.16, 1.58, 23.0
1376687835.74, -0.0199553965356, 0.109779813687, -0.81, -0.93, 15.2
1376687835.85, -0.0197731841617, 0.109810444215, -0.47, -2.79, 8.4
1376687835.95, -0.019452741711, 0.110101434235, 0.04, -4.86, -3.5
1376687836.05, -0.0194401753404, 0.110126959675, -0.07, -2.59, 2.2
1376687836.15, -0.0198485823854, 0.110024857914, -0.43, 2.44, 28.4
1376687836.25, -0.020169024836, 0.109805339127, -0.61, 4.86, 40.3
1376687836.35, -0.0205334495839, 0.109662396662, -1.37, 7.68, 58.9
1376687836.45, -0.0205962814369, 0.109636871221, -1.89, 8.46, 64.9
1376687836.55, -0.0205962814369, 0.109621555957, -2.17, 8.03, 61.1
1376687836.65, -0.0205585823251, 0.109636871221, -1.73, 5.51, 42.3
1376687836.75, -0.0204517681749, 0.109657291574, -1.26, 3.35, 26.1
1376687836.85, -0.0203952195071, 0.109672606838, -0.93, 2.59, 20.8
1376687836.95, -0.0202946885422, 0.109703237366, -0.56, 1.83, 11.6
1376687837.05, -0.0202004407626, 0.109754288247, -0.24, 1.15, 5.0
1376687837.15, -0.0201187593536, 0.109759393335, -0.09, 0.6, 0.4
1376687837.25, -0.0201187593536, 0.109754288247, 0.0, 0.45, -1.5
1376687837.35, -0.0200873434271, 0.109754288247, 0.14, 0.17, -3.8
1376687837.45, -0.0200873434271, 0.109754288247, 0.14, 0.22, -3.2
1376687837.55, -0.0200873434271, 0.109744078071, 0.12, 0.35, -3.2
1376687837.65, -0.0200873434271, 0.109738972983, 0.19, 0.12, -4.8
1376687837.75, -0.0200873434271, 0.109738972983, 0.17, 0.25, -3.5
1376687837.85, -0.0200936266124, 0.109733867894, 0.0, 0.78, -0.2
1376687837.96, -0.0200936266124, 0.109733867894, 0.02, 0.6, -2.1
1376687838.06, -0.0200873434271, 0.109733867894, 0.0, 0.47, -1.2
1376687838.16, -0.0200936266124, 0.109728762806, 0.07, 0.27, -1.5
1376687838.26, -0.0200873434271, 0.109733867894, 0.14, 0.12, -4.2
1376687838.36, -0.0200810602417, 0.109738972983, -0.02, -0.22, -2.9
1376687838.46, -0.0198360160148, 0.109779813687, 0.04, -2.29, -6.7
1376687838.56, -0.0196475204556, 0.109810444215, 0.24, -3.65, -7.9
1376687838.66, -0.0195909717878, 0.10985128492, 0.56, -3.85, -11.8
1376687838.76, -0.0195972549731, 0.109846179832, 0.82, -2.67, -5.7
1376687838.86, -0.0196035381584, 0.109846179832, 0.89, -2.26, -3.4
1376687838.96, -0.0196789363821, 0.109820654392, 0.24, -0.45, 2.4
1376687839.06, -0.0197857505323, 0.109795128951, -0.14, 0.37, 6.1
1376687839.16, -0.0197920337176, 0.109795128951, -0.37, 0.4, 7.2
1376687839.26, -0.0198171664588, 0.109769603511, -0.42, 0.42, 10.7
1376687839.36, -0.0198234496442, 0.109774708599, -0.37, 0.32, 9.7
1376687839.46, -0.0198234496442, 0.109784918775, -0.36, 0.47, 11.7
1376687839.56, -0.0198297328295, 0.109779813687, -0.39, 0.98, 14.0
1376687839.66, -0.0198422992001, 0.109774708599, -0.36, 0.63, 13.3
1376687839.76, -0.0198360160148, 0.109800234039, -0.32, 0.12, 10.0
1376687839.86, -0.0198046000882, 0.10982575948, -0.47, -0.57, 4.2
1376687839.97, -0.0198108832735, 0.109820654392, -0.44, 0.17, 7.8
1376687840.07, -0.0198171664588, 0.10982575948, -0.49, 0.25, 7.2
1376687840.17, -0.0198171664588, 0.109820654392, -0.49, 0.05, 5.6
1376687840.27, -0.0198171664588, 0.109805339127, -0.59, 0.07, 5.6
1376687840.37, -0.0198234496442, 0.109795128951, -0.69, 0.12, 5.6
1376687840.47, -0.0198171664588, 0.109800234039, -0.54, -0.47, 1.3
1376687840.57, -0.0198046000882, 0.109805339127, -0.54, -1.38, -1.9
1376687840.67, -0.019779467347, 0.109810444215, -0.69, -2.01, -1.9
1376687840.77, -0.0197417682352, 0.10982575948, -0.84, -2.26, -2.5
1376687840.87, -0.0196852195674, 0.109846179832, -0.77, -2.62, -3.3
1376687840.97, -0.0196663700115, 0.10985128492, -0.69, -2.36, -3.9
1376687841.07, -0.0198171664588, 0.109795128951, -0.02, 0.57, 5.2
1376687841.17, -0.0198108832735, 0.109815549303, 0.02, 0.02, 0.3
1376687841.27, -0.0198046000882, 0.109820654392, 0.02, 0.0, 0.0
1376687841.37, -0.0198046000882, 0.109820654392, 0.04, 0.0, 0.0
1376687841.47, -0.0198046000882, 0.10982575948, 0.02, 0.02, 0.0
1376687841.57, -0.0198046000882, 0.10982575948, 0.02, 0.0, 0.3
1376687841.67, -0.0198046000882, 0.109820654392, 0.02, 0.0, -0.3
1376687841.77, -0.0198046000882, 0.10982575948, 0.02, 0.02, -0.3
1376687841.87, -0.0198046000882, 0.109820654392, 0.02, 0.0, 0.0
1376687841.97, -0.0198046000882, 0.10982575948, 0.02, 0.0, 0.0
1376687842.08, -0.0198046000882, 0.10982575948, 0.02, 0.0, -0.6
1376687842.18, -0.0198046000882, 0.10982575948, 0.02, 0.02, -0.6
1376687842.28, -0.0198046000882, 0.10982575948, 0.02, 0.0, -0.3
1376687842.38, -0.0198046000882, 0.109820654392, 0.02, 0.0, -0.6
1376687842.48, -0.0198046000882, 0.109820654392, 0.02, 0.0, -0.9
1376687842.58, -0.0198046000882, 0.109820654392, 0.02, 0.0, -0.3
1376687842.68, -0.0198046000882, 0.10982575948, 0.02, 0.0, -0.6
1376687842.78, -0.0198046000882, 0.10982575948, 0.02, 0.0, -0.3
1376687842.88, -0.0198046000882, 0.10982575948, 0.02, 0.0, -0.9
1376687842.98, -0.0198046000882, 0.10982575948, 0.02, 0.02, 0.3
1376687843.08, -0.0198046000882, 0.109820654392, 0.02, 0.02, 0.0
1376687843.18, -0.0198046000882, 0.109820654392, 0.02, 0.0, -0.3
1376687843.28, -0.0198046000882, 0.109820654392, 0.02, 0.02, 0.0
1376687843.38, -0.0198046000882, 0.10982575948, 0.02, 0.02, -0.3
1376687843.48, -0.0198046000882, 0.10982575948, 0.02, 0.02, 0.0
1376687843.58, -0.0198046000882, 0.10982575948, 0.02, 0.0, 0.0
1376687843.68, -0.0198046000882, 0.10982575948, 0.02, 0.02, -0.6
1376687843.78, -0.0198046000882, 0.109820654392, 0.02, 0.0, 0.0
1376687843.88, -0.0198046000882, 0.109820654392, 0.02, 0.0, 0.0
1376687843.98, -0.0198046000882, 0.10982575948, 0.02, 0.0, 0.3
1376687844.08, -0.0198046000882, 0.10982575948, 0.02, 0.02, -0.3
1376687844.18, -0.0198046000882, 0.10982575948, 0.02, 0.0, -1.2
1376687844.29, -0.0198046000882, 0.109820654392, 0.02, 0.0, 0.0
1376687844.39, -0.0198046000882, 0.109820654392, 0.02, 0.02, -0.3
1376687844.49, -0.0198046000882, 0.109820654392, 0.02, 0.0, -0.3
1376687844.59, -0.0198046000882, 0.10982575948, 0.02, 0.0, -0.3
1376687844.69, -0.0198046000882, 0.10982575948, 0.02, 0.0, -0.3
1376687844.79, -0.0198046000882, 0.10982575948, 0.02, 0.0, 0.0
1376687844.89, -0.0198046000882, 0.10982575948, 0.02, 0.0, 0.0
1376687844.99, -0.0198046000882, 0.109820654392, 0.02, 0.0, 0.0
1376687845.09, -0.0198046000882, 0.109820654392, 0.02, 0.02, 0.0
1376687845.19, -0.0198046000882, 0.10982575948, 0.02, 0.02, -0.6
1376687845.29, -0.0198046000882, 0.109820654392, 0.02, 0.0, -0.3
1376687845.39, -0.0198046000882, 0.109820654392, 0.02, 0.0, 0.3
1376687845.49, -0.0198046000882, 0.10982575948, 0.02, 0.02, -0.9
1376687845.59, -0.0198046000882, 0.109820654392, 0.02, 0.0, -0.3
1376687845.69, -0.0198046000882, 0.109820654392, 0.02, 0.0, 0.0
1376687845.79, -0.0198046000882, 0.109820654392, 0.02, 0.0, 0.3
1376687845.89, -0.0198046000882, 0.10982575948, 0.04, 0.0, -0.9
1376687845.99, -0.0198046000882, 0.10982575948, 0.02, 0.0, -0.6
1376687846.09, -0.0198046000882, 0.10982575948, 0.05, 0.0, 0.6
1376687846.19, -0.0198046000882, 0.10982575948, 0.04, 0.0, -0.3
1376687846.29, -0.0198046000882, 0.10982575948, 0.02, 0.0, -0.3
1376687846.4, -0.0198046000882, 0.109820654392, 0.04, 0.0, -0.3
1376687846.5, -0.0198046000882, 0.10982575948, 0.02, 0.0, 0.3
1376687846.6, -0.0198046000882, 0.10982575948, 0.02, 0.0, -0.3
1376687846.7, -0.0198046000882, 0.10982575948, 0.02, 0.02, 0.0
1376687846.8, -0.0198046000882, 0.10982575948, 0.04, 0.02, 0.0
1376687846.9, -0.0198046000882, 0.10982575948, 0.02, 0.02, -0.3
1376687847.0, -0.0198046000882, 0.109820654392, 0.02, 0.02, 0.0
1376687847.1, -0.0198046000882, 0.10982575948, 0.02, 0.0, 0.0
1376687847.2, -0.0198046000882, 0.10982575948, 0.02, 0.02, -0.6
1376687847.3, -0.0198046000882, 0.10982575948, 0.02, 0.02, 0.3
1376687847.4, -0.0198046000882, 0.10982575948, 0.02, 0.02, -0.9
1376687847.5, -0.0198046000882, 0.10982575948, 0.02, 0.02, 0.0
1376687847.6, -0.0198046000882, 0.10982575948, 0.04, 0.02, -0.3
1376687847.7, -0.0198046000882, 0.10982575948, 0.02, 0.02, -0.6
1376687847.8, -0.0198046000882, 0.109820654392, 0.02, 0.0, -0.6
1376687847.9, -0.0198046000882, 0.109820654392, 0.02, 0.02, -0.3
1376687848.0, -0.0198046000882, 0.109820654392, 0.04, 0.02, 0.0
1376687848.1, -0.0198046000882, 0.10982575948, 0.04, 0.0, -0.3
1376687848.2, -0.0198046000882, 0.10982575948, 0.02, 0.02, -0.3
1376687848.3, -0.0198046000882, 0.10982575948, 0.02, 0.0, -0.6
1376687848.41, -0.0198046000882, 0.109820654392, 0.02, 0.0, -0.3
1376687848.51, -0.0198046000882, 0.10982575948, 0.02, 0.0, 0.6
1376687848.61, -0.0198046000882, 0.10982575948, 0.02, 0.02, 0.3
1376687848.71, -0.0198046000882, 0.10982575948, 0.02, 0.0, -0.3
1376687848.81, -0.0198046000882, 0.10982575948, 0.04, 0.0, 0.0
1376687848.91, -0.0198046000882, 0.10982575948, 0.02, 0.0, -0.3
1376687849.01, -0.0198046000882, 0.10982575948, 0.02, 0.0, 0.0
1376687849.11, -0.0198046000882, 0.10982575948, 0.02, 0.02, -0.3
1376687849.21, -0.0198046000882, 0.109820654392, 0.02, 0.02, 0.0
1376687849.31, -0.0198046000882, 0.109820654392, 0.02, 0.02, 0.3
1376687849.41, -0.0198046000882, 0.10982575948, 0.02, 0.0, 0.0
1376687849.51, -0.0198046000882, 0.10982575948, 0.02, 0.0, -0.9
1376687849.61, -0.0198046000882, 0.10982575948, 0.02, 0.0, -0.6
1376687849.71, -0.0198046000882, 0.109820654392, 0.02, 0.02, 0.0
1376687849.81, -0.0198046000882, 0.109820654392, 0.02, 0.02, -0.3
1376687849.91, -0.0198046000882, 0.109820654392, 0.02, 0.0, 0.0
1376687850.01, -0.0198046000882, 0.10982575948, 0.04, 0.0, -0.3
1376687850.12, -0.0198046000882, 0.109820654392, 0.02, 0.0, 0.0
1376687850.22, -0.0198046000882, 0.10982575948, 0.02, 0.0, -0.6
1376687850.32, -0.0198046000882, 0.109820654392, 0.02, 0.0, 0.3
1376687850.42, -0.0198046000882, 0.10982575948, 0.02, 0.02, -0.6
1376687850.52, -0.0198046000882, 0.10982575948, 0.02, 0.0, -0.3
1376687850.62, -0.0198046000882, 0.10982575948, 0.02, 0.0, -0.3
1376687850.72, -0.0198046000882, 0.10982575948, 0.02, 0.0, 0.0
1376687850.82, -0.0198046000882, 0.10982575948, 0.02, 0.0, -0.3
1376687850.92, -0.0198046000882, 0.109820654392, 0.02, 0.0, -0.3
1376687851.02, -0.0198046000882, 0.10982575948, 0.02, 0.0, 0.0
1376687851.12, -0.0198046000882, 0.109820654392, 0.02, 0.0, 0.0
1376687851.22, -0.0198046000882, 0.10982575948, 0.02, 0.0, -0.3
1376687851.32, -0.0198046000882, 0.10982575948, 0.02, 0.0, -0.3
1376687851.42, -0.0198046000882, 0.10982575948, 0.02, 0.02, -0.3
1376687851.52, -0.0198046000882, 0.109820654392, 0.02, 0.0, 0.0
1376687851.62, -0.0198046000882, 0.10982575948, 0.02, 0.02, 0.0
1376687851.72, -0.0198046000882, 0.109820654392, 0.04, 0.0, -0.3
1376687851.82, -0.0198046000882, 0.10982575948, 0.02, 0.0, -0.3
1376687851.92, -0.0198046000882, 0.10982575948, 0.04, 0.02, -0.3
1376687852.02, -0.0198046000882, 0.109820654392, 0.02, 0.02, -0.6
1376687852.12, -0.0198046000882, 0.10982575948, 0.02, 0.0, 0.0
1376687852.22, -0.0198046000882, 0.109820654392, 0.02, 0.0, 0.0
1376687852.33, -0.0198046000882, 0.10982575948, 0.02, 0.0, -0.3
1376687852.43, -0.0198046000882, 0.10982575948, 0.02, 0.0, 0.3
1376687852.53, -0.0198046000882, 0.10982575948, 0.02, 0.02, -0.3
1376687852.63, -0.0198046000882, 0.10982575948, 0.02, 0.0, -0.3
1376687852.73, -0.0198046000882, 0.10982575948, 0.02, 0.0, -0.9
1376687852.83, -0.0198046000882, 0.109820654392, 0.02, 0.02, -0.3
1376687852.93, -0.0198046000882, 0.10982575948, 0.02, 0.0, -0.3
1376687853.03, -0.0198046000882, 0.10982575948, 0.02, -0.02, -0.3
1376687853.13, -0.0198046000882, 0.10982575948, 0.02, 0.0, 0.0
1376687853.23, -0.0198046000882, 0.10982575948, 0.02, 0.0, -1.2
1376687853.33, -0.0198046000882, 0.10982575948, 0.02, 0.02, 0.3
1376687853.43, -0.0198046000882, 0.10982575948, 0.02, 0.02, 0.3
1376687853.53, -0.0198046000882, 0.10982575948, 0.02, 0.0, 0.0
1376687853.63, -0.0198046000882, 0.10982575948, 0.02, 0.0, 0.3
1376687853.73, -0.0198046000882, 0.10982575948, 0.02, 0.0, -0.6
1376687853.83, -0.0198046000882, 0.10982575948, 0.02, 0.02, 0.3
1376687853.93, -0.0198046000882, 0.10982575948, 0.02, 0.0, -0.3
1376687854.03, -0.0198046000882, 0.10982575948, 0.02, 0.02, 0.3
1376687854.13, -0.0198046000882, 0.109820654392, 0.02, 0.02, -0.3
1376687854.23, -0.0198046000882, 0.109820654392, 0.04, 0.0, -0.3
1376687854.33, -0.0198046000882, 0.109820654392, 0.02, 0.0, -0.6
1376687854.43, -0.0198046000882, 0.10982575948, 0.02, 0.0, 0.3
1376687854.54, -0.0198046000882, 0.10982575948, 0.02, 0.0, -0.6
1376687854.64, -0.0198046000882, 0.10982575948, 0.02, 0.0, 0.0
1376687854.74, -0.0198046000882, 0.109820654392, 0.02, 0.02, -0.3
1376687854.84, -0.0198046000882, 0.109820654392, 0.02, 0.0, -0.6
1376687854.94, -0.0198046000882, 0.109820654392, 0.02, 0.02, 0.0
1376687855.04, -0.0198046000882, 0.109820654392, 0.02, 0.0, 0.0
1376687855.14, -0.0198046000882, 0.109820654392, 0.02, 0.02, 0.3
1376687855.24, -0.0198046000882, 0.109820654392, 0.02, 0.0, -0.6
1376687855.34, -0.0198046000882, 0.109820654392, 0.04, 0.0, 0.0
1376687855.44, -0.0198046000882, 0.10982575948, 0.02, 0.02, 0.3
1376687855.54, -0.0198046000882, 0.109820654392, 0.02, 0.0, 0.0
1376687855.64, -0.0198046000882, 0.109820654392, 0.02, 0.0, -0.3
1376687855.74, -0.0198046000882, 0.109820654392, 0.04, 0.0, 0.0
1376687855.84, -0.0198046000882, 0.10982575948, 0.09, -0.07, -1.3
1376687855.94, -0.0198046000882, 0.109830864568, 0.05, 0.05, 0.6
1376687856.04, -0.0198046000882, 0.109830864568, 0.0, 0.12, 1.6
1376687856.14, -0.0198046000882, 0.109830864568, 0.02, 0.15, 1.9
1376687856.24, -0.0198046000882, 0.10982575948, 0.0, 0.12, 0.6
1376687856.34, -0.0198046000882, 0.10982575948, -0.07, 0.27, 2.9
1376687856.44, -0.0198108832735, 0.109815549303, -0.17, 0.4, 4.6
1376687856.54, -0.0198108832735, 0.10982575948, -0.09, 0.27, 2.9
1376687856.65, -0.0198171664588, 0.109815549303, -0.24, 0.68, 6.2
1376687856.75, -0.0198360160148, 0.109800234039, -0.29, 0.95, 8.2
1376687856.85, -0.0198485823854, 0.109800234039, -0.17, 0.78, 7.2
1376687856.95, -0.0198422992001, 0.109805339127, -0.17, 0.68, 6.5
1376687857.05, -0.0198422992001, 0.109805339127, -0.22, 0.83, 7.2
1376687857.15, -0.0198485823854, 0.109800234039, -0.29, 1.03, 8.8
1376687857.25, -0.0198737151266, 0.109795128951, -0.34, 1.2, 9.2
1376687857.35, -0.0198737151266, 0.109800234039, -0.44, 1.61, 6.7
1376687857.45, -0.0199742460915, 0.109795128951, -0.94, 2.97, 9.6
1376687857.55, -0.0201187593536, 0.109759393335, -1.09, 4.05, 9.1
1376687857.65, -0.020250706245, 0.109738972983, -1.41, 4.88, 8.0
1376687857.75, -0.0203386708393, 0.109708342454, -1.76, 5.54, 7.9
1376687857.85, -0.0204077858777, 0.10969302719, -2.26, 5.89, 6.8
1376687857.95, -0.0204203522483, 0.10969302719, -2.76, 6.19, 10.2
1376687858.05, -0.0204580513602, 0.109672606838, -2.78, 6.3, 9.9
1376687858.15, -0.0204643345455, 0.10966750175, -2.81, 6.47, 10.6
1376687858.25, -0.0204831841014, 0.109672606838, -2.96, 6.82, 11.6
1376687858.35, -0.0205020336573, 0.10966750175, -2.61, 7.05, 14.1
1376687858.45, -0.0205083168426, 0.109657291574, -2.21, 6.45, 10.1
1376687858.55, -0.0205083168426, 0.109652186485, -2.56, 6.75, 13.8
1376687858.65, -0.0205334495839, 0.109647081397, -2.65, 7.05, 17.0
1376687858.76, -0.0205271663986, 0.109647081397, -2.63, 6.93, 14.5
1376687858.86, -0.0205271663986, 0.109647081397, -2.28, 7.08, 16.0
1376687858.96, -0.020495750472, 0.109662396662, -1.34, 4.83, 8.7
1376687859.06, -0.0203952195071, 0.109672606838, -0.49, 2.77, 2.7
1376687859.16, -0.0202569894303, 0.109723657718, -0.12, 1.41, -0.1
1376687859.26, -0.0201564584654, 0.109749183159, -0.19, 0.73, 0.4
1376687859.36, -0.0200936266124, 0.109769603511, -0.12, 0.47, -0.5
1376687859.46, -0.0200873434271, 0.109769603511, -0.07, 0.42, -0.8
1376687859.56, -0.0200873434271, 0.109774708599, -0.19, 0.57, 2.0
1376687859.66, -0.0200559275005, 0.109774708599, -0.02, 0.15, -1.9
1376687859.76, -0.0199993788328, 0.109795128951, -0.14, 0.45, 1.3
1376687859.86, -0.0200056620181, 0.109795128951, -0.29, 0.68, 3.7
1376687859.96, -0.0200119452034, 0.109784918775, -0.42, 1.05, 6.0
1376687860.06, -0.0200119452034, 0.109795128951, -0.44, 0.65, 1.4
1376687860.16, -0.0199993788328, 0.109805339127, -0.92, 0.7, 3.2
1376687860.26, -0.0200056620181, 0.109805339127, -0.64, 1.15, 9.6
1376687860.36, -0.0200056620181, 0.109800234039, -0.74, 1.05, 9.3
1376687860.46, -0.0200056620181, 0.109800234039, -1.64, 0.68, 3.1
1376687860.56, -0.0199993788328, 0.10982575948, -1.99, 0.68, 4.5
1376687860.66, -0.0199993788328, 0.109810444215, -3.13, 0.88, 2.0
1376687860.76, -0.0200056620181, 0.109810444215, -4.58, 1.26, 1.8
1376687860.86, -0.0200056620181, 0.109815549303, -5.9, 1.23, 1.9
1376687860.97, -0.0200119452034, 0.109800234039, -6.37, 1.23, -0.2
1376687861.07, -0.0200056620181, 0.109815549303, -7.29, 0.83, -2.5
1376687861.17, -0.0200056620181, 0.109800234039, -7.86, 0.88, -1.7
1376687861.27, -0.0200056620181, 0.109800234039, -8.21, 0.68, -3.5
1376687861.37, -0.0200056620181, 0.109815549303, -8.56, 1.08, 0.1
1376687861.47, -0.0200056620181, 0.109805339127, -8.29, 1.28, 0.6
1376687861.57, -0.0200056620181, 0.109815549303, -8.24, 1.08, -0.6
1376687861.67, -0.0200056620181, 0.109815549303, -8.44, 1.23, -1.1
1376687861.77, -0.0200056620181, 0.109820654392, -8.19, 1.53, 0.6
1376687861.87, -0.0199993788328, 0.10982575948, -7.17, 0.9, -1.2
1376687861.97, -0.0199993788328, 0.109815549303, -3.7, 0.78, 3.1
1376687862.07, -0.0199993788328, 0.109810444215, -1.14, 0.7, 4.9
1376687862.17, -0.0199993788328, 0.109805339127, -0.12, 0.27, 0.7
1376687862.27, -0.0199930956474, 0.109810444215, -0.12, 0.3, 1.0
1376687862.37, -0.0199805292768, 0.109810444215, 0.04, 0.05, -1.9
1376687862.47, -0.0199742460915, 0.109820654392, 0.02, 0.02, -2.5
1376687862.57, -0.0199679629062, 0.109820654392, 0.02, 0.02, -1.6
1376687862.67, -0.0199679629062, 0.109820654392, 0.02, 0.02, -2.2
1376687862.77, -0.0199679629062, 0.109820654392, -0.02, 0.17, -0.6
1376687862.87, -0.0199679629062, 0.109820654392, -0.02, 0.73, 5.2
1376687862.97, -0.0200119452034, 0.109795128951, 0.03, 2.39, 19.2
1376687863.08, -0.0201815912067, 0.109779813687, 0.03, 4.48, 37.5
1376687863.18, -0.0203700867659, 0.109744078071, 0.13, 5.49, 45.6
1376687863.28, -0.0204266354336, 0.109728762806, 0.19, 6.32, 52.1
1376687863.38, -0.0205083168426, 0.109703237366, 0.16, 7.83, 63.9
1376687863.48, -0.0206276973635, 0.109647081397, 0.19, 9.27, 75.6
1376687863.58, -0.0206276973635, 0.109657291574, 0.27, 9.17, 74.3
1376687863.68, -0.0206339805488, 0.109657291574, 0.39, 9.34, 74.0
1376687863.78, -0.0206716796606, 0.109647081397, 0.42, 9.37, 73.6
1376687863.88, -0.0206905292165, 0.109636871221, 0.47, 10.18, 81.1
1376687863.98, -0.0206779628459, 0.109647081397, 0.44, 9.19, 71.7
1376687864.08, -0.0206779628459, 0.109647081397, 0.37, 9.6, 74.0
1376687864.18, -0.0206716796606, 0.109647081397, 0.29, 9.14, 70.1
1376687864.28, -0.0206528301047, 0.109647081397, 0.19, 7.86, 58.1
1376687864.38, -0.0206276973635, 0.109652186485, 0.16, 7.33, 53.2
1376687864.48, -0.0205460159545, 0.109687922102, 0.01, 5.34, 34.7
1376687864.58, -0.0204643345455, 0.109708342454, -0.06, 3.98, 23.6
1376687864.68, -0.0204015026924, 0.109723657718, -0.14, 3.25, 19.0
1376687864.78, -0.0203700867659, 0.109744078071, -0.21, 2.97, 16.8
1376687864.88, -0.0203638035806, 0.109749183159, -0.21, 2.87, 16.8
1376687864.98, -0.0203386708393, 0.109749183159, -0.16, 2.64, 14.8
1376687865.08, -0.020332387654, 0.109744078071, -0.16, 2.82, 16.1
1376687865.19, -0.0203386708393, 0.109733867894, -0.19, 3.09, 19.0
1376687865.29, -0.0203386708393, 0.109738972983, -0.14, 2.69, 15.4
1376687865.39, -0.0203198212834, 0.109744078071, -0.09, 2.24, 11.5
1376687865.49, -0.0202758389863, 0.109744078071, 0.0, 1.68, 6.9
1376687865.59, -0.0202004407626, 0.109749183159, 0.04, 0.9, -0.2
1376687865.69, -0.0200810602417, 0.109774708599, 0.02, 0.15, -6.7
1376687865.79, -0.020024511574, 0.109795128951, 0.02, 0.02, -5.7
1376687865.89, -0.0200182283887, 0.109800234039, 0.02, 0.02, -5.4
1376687865.99, -0.0200056620181, 0.109800234039, 0.04, 0.02, -5.4
1376687866.09, -0.0199742460915, 0.109800234039, 0.04, -0.35, -8.4
1376687866.19, -0.0199679629062, 0.109800234039, 0.04, -0.55, -10.0
1376687866.29, -0.0199679629062, 0.109800234039, 0.04, -0.65, -11.0
1376687866.39, -0.0199679629062, 0.109800234039, 0.04, -0.5, -9.4
1376687866.49, -0.0199679629062, 0.109800234039, 0.04, -0.47, -8.1
1376687866.59, -0.0199679629062, 0.109800234039, 0.04, -0.57, -9.4
1376687866.69, -0.0199553965356, 0.109805339127, 0.04, -0.75, -11.3
1376687866.79, -0.019942830165, 0.109815549303, 0.07, -0.75, -11.6
1376687866.89, -0.019942830165, 0.109815549303, 0.07, -0.7, -10.3
1376687866.99, -0.0199365469797, 0.109815549303, 0.07, -0.6, -9.7
1376687867.09, -0.019942830165, 0.109815549303, 0.07, -0.5, -8.1
1376687867.2, -0.0199365469797, 0.109820654392, 0.07, -0.42, -7.4
1376687867.3, -0.019942830165, 0.109820654392, 0.04, -0.4, -7.4
1376687867.4, -0.019942830165, 0.109820654392, 0.04, -0.37, -7.4
1376687867.5, -0.0199365469797, 0.109815549303, 0.07, -0.32, -6.1
1376687867.6, -0.019942830165, 0.109815549303, 0.04, -0.35, -7.4
1376687867.7, -0.0199365469797, 0.109820654392, 0.09, -0.6, -9.4
1376687867.8, -0.0198799983119, 0.109820654392, 0.14, -1.53, -16.9
1376687867.9, -0.0197417682352, 0.10985128492, 0.19, -2.49, -26.0
1376687868.0, -0.0196475204556, 0.10985128492, 0.18, -3.35, -31.9
1376687868.1, -0.0195281399347, 0.109943176505, 0.28, -4.71, -43.4
1376687868.2, -0.0194150425992, 0.110081013883, 0.21, -5.36, -46.0
1376687868.3, -0.0193396443755, 0.110101434235, 0.15, -6.19, -51.2
1376687868.4, -0.019308228449, 0.110126959675, 0.25, -6.62, -53.6
1376687868.5, -0.019289378893, 0.110142274939, 0.25, -7.25, -58.5
1376687868.6, -0.0192516797812, 0.110157590204, 0.05, -7.3, -57.5
1376687868.7, -0.0192391134106, 0.110157590204, 0.08, -7.43, -59.7
1376687868.8, -0.0192453965959, 0.110147380028, 0.05, -7.63, -61.0
1376687868.9, -0.0192202638547, 0.110157590204, -0.04, -8.06, -63.9
1376687869.0, -0.01922654704, 0.110157590204, 0.08, -7.48, -59.4
1376687869.1, -0.0192139806694, 0.110162695292, 0.32, -8.26, -66.7
1376687869.21, -0.0192202638547, 0.110162695292, 0.23, -7.66, -60.4
1376687869.31, -0.0192202638547, 0.11016780038, 0.25, -7.05, -55.9
1376687869.41, -0.0192328302253, 0.110162695292, 0.33, -6.77, -53.0
1376687869.51, -0.0192328302253, 0.110162695292, 0.38, -7.08, -55.9
1376687869.61, -0.0192328302253, 0.11016780038, 0.28, -7.0, -56.2
1376687869.71, -0.0192328302253, 0.110162695292, 0.18, -7.23, -58.1
1376687869.81, -0.0192328302253, 0.110162695292, 0.18, -7.13, -55.9
1376687869.91, -0.0192453965959, 0.110157590204, 0.23, -6.57, -51.3
1376687870.01, -0.0192705293371, 0.110152485116, 0.13, -4.98, -37.9
1376687870.11, -0.0193584939314, 0.110147380028, 0.04, -2.82, -19.9
1376687870.21, -0.0195658390466, 0.110045278266, 0.0, -0.42, -0.6
1376687870.31, -0.019616104529, 0.11003506809, 0.0, -0.05, 1.9
1376687870.41, -0.0196538036409, 0.11000954265, 0.02, 0.0, 1.6
1376687870.51, -0.0196600868262, 0.110004437562, 0.02, 0.02, 1.6
1376687870.61, -0.0196600868262, 0.109999332474, 0.02, -0.02, 1.5
1376687870.71, -0.0196600868262, 0.109999332474, 0.02, 0.0, 1.2
1376687870.81, -0.0196600868262, 0.109999332474, 0.02, 0.0, 1.6
1376687870.91, -0.0196600868262, 0.109999332474, 0.02, 0.0, 1.6
1376687871.01, -0.0196663700115, 0.109999332474, 0.02, 0.0, 1.2
1376687871.11, -0.0196663700115, 0.109999332474, 0.02, 0.0, 0.6
1376687871.21, -0.0196663700115, 0.109994227386, 0.02, -0.02, 1.9
1376687871.32, -0.0196663700115, 0.109994227386, 0.05, 0.0, 0.6
1376687871.42, -0.0196663700115, 0.109994227386, 0.02, 0.0, 1.6
1376687871.52, -0.0196663700115, 0.109994227386, 0.02, 0.0, 1.2
1376687871.62, -0.0196663700115, 0.109994227386, 0.02, 0.02, 1.2
1376687871.72, -0.0196726531968, 0.109994227386, 0.05, 0.0, 1.9
1376687871.82, -0.0196726531968, 0.109994227386, 0.02, 0.0, 1.2
1376687871.92, -0.0196726531968, 0.109994227386, 0.02, 0.0, 0.6
1376687872.02, -0.0196726531968, 0.109994227386, 0.02, 0.0, 1.2
1376687872.12, -0.0196726531968, 0.109994227386, 0.02, 0.0, 0.9
1376687872.22, -0.0196726531968, 0.109994227386, 0.02, 0.02, 1.6
1376687872.32, -0.0196726531968, 0.109994227386, 0.02, 0.0, 0.9
1376687872.42, -0.0196726531968, 0.109994227386, 0.02, 0.0, 1.2
1376687872.52, -0.0196726531968, 0.109994227386, 0.02, 0.0, 0.9
1376687872.62, -0.0196789363821, 0.109994227386, 0.02, 0.0, 1.6
1376687872.72, -0.0196789363821, 0.109994227386, 0.02, 0.0, 0.6
1376687872.82, -0.0196789363821, 0.109994227386, 0.02, 0.0, 1.2
1376687872.92, -0.0196789363821, 0.109994227386, 0.02, 0.0, 1.2
1376687873.02, -0.0196789363821, 0.109994227386, 0.02, 0.0, 0.9
1376687873.12, -0.0196789363821, 0.109994227386, 0.02, 0.0, 1.2
1376687873.22, -0.0196789363821, 0.109994227386, 0.05, 0.0, 0.9
1376687873.32, -0.0196789363821, 0.109994227386, 0.02, 0.0, 0.9
1376687873.43, -0.0196789363821, 0.109994227386, 0.02, 0.02, 0.6
1376687873.53, -0.0196789363821, 0.109994227386, 0.02, 0.0, 0.9
1376687873.63, -0.0196789363821, 0.109994227386, 0.02, 0.0, 0.6
1376687873.73, -0.0196789363821, 0.109994227386, 0.02, 0.0, 0.9
1376687873.83, -0.0196789363821, 0.109994227386, 0.02, 0.0, 0.6
1376687873.93, -0.0196789363821, 0.109994227386, 0.02, 0.0, 1.6
1376687874.03, -0.0196789363821, 0.109994227386, 0.02, 0.02, 0.9
1376687874.13, -0.0196852195674, 0.109994227386, 0.02, 0.0, 0.9
1376687874.23, -0.0196852195674, 0.109994227386, 0.02, 0.02, 0.9
1376687874.33, -0.0196852195674, 0.109994227386, 0.02, 0.0, 0.6
1376687874.43, -0.0196852195674, 0.109994227386, 0.02, 0.0, 1.2
1376687874.53, -0.0196852195674, 0.109994227386, 0.05, -0.02, 1.2
1376687874.63, -0.0196852195674, 0.109994227386, 0.02, 0.02, 1.2
1376687874.73, -0.0196852195674, 0.109994227386, 0.05, 0.0, 0.6
1376687874.83, -0.0196852195674, 0.109994227386, 0.02, 0.02, 1.2
1376687874.93, -0.0196852195674, 0.109994227386, 0.02, 0.0, 0.9
1376687875.03, -0.0196852195674, 0.109994227386, 0.02, 0.0, 0.6
1376687875.13, -0.0196852195674, 0.109994227386, 0.02, 0.0, 0.6
1376687875.23, -0.0196852195674, 0.109994227386, 0.02, 0.0, 1.2
1376687875.33, -0.0196852195674, 0.109994227386, 0.02, 0.0, 1.6
1376687875.43, -0.0196852195674, 0.109994227386, 0.02, 0.0, 0.9
1376687875.53, -0.0196852195674, 0.109994227386, 0.02, 0.0, 0.6
1376687875.64, -0.0196852195674, 0.109994227386, 0.02, 0.0, 0.9
1376687875.74, -0.0196852195674, 0.109994227386, 0.02, 0.0, 1.2
1376687875.84, -0.0196852195674, 0.109994227386, 0.02, 0.02, 0.6
1376687875.94, -0.0196852195674, 0.109994227386, 0.02, 0.0, 1.2
1376687876.04, -0.0196852195674, 0.109994227386, 0.02, 0.0, 0.6
1376687876.14, -0.0196915027527, 0.109994227386, 0.02, 0.0, 1.2
1376687876.24, -0.0196852195674, 0.109994227386, 0.05, 0.0, 0.9
1376687876.34, -0.0196852195674, 0.109994227386, 0.02, 0.0, 0.6
1376687876.44, -0.0196915027527, 0.109994227386, 0.02, 0.0, 0.0
1376687876.54, -0.0196852195674, 0.109994227386, 0.02, 0.02, 1.2
1376687876.64, -0.0196915027527, 0.109994227386, 0.05, 0.0, 0.6
1376687876.74, -0.0196915027527, 0.109994227386, 0.02, 0.0, 0.6
1376687876.84, -0.0196915027527, 0.109994227386, 0.02, 0.0, 0.3
1376687876.94, -0.0196852195674, 0.109994227386, 0.04, 0.0, 0.6
1376687877.04, -0.0196915027527, 0.109994227386, 0.02, 0.0, 0.3
1376687877.14, -0.0196852195674, 0.109994227386, 0.05, 0.0, 0.9
1376687877.24, -0.0196915027527, 0.109994227386, 0.05, 0.0, 0.9
1376687877.34, -0.0196915027527, 0.109994227386, 0.02, 0.0, 0.6
1376687877.44, -0.0196852195674, 0.109994227386, 0.02, 0.0, 0.0
1376687877.54, -0.0196915027527, 0.109994227386, 0.02, 0.0, 0.9
1376687877.64, -0.0196852195674, 0.109994227386, 0.02, 0.0, -0.3
1376687877.74, -0.0196852195674, 0.109994227386, 0.02, 0.0, 0.6
1376687877.85, -0.0196852195674, 0.109994227386, 0.02, 0.0, 1.2
1376687877.95, -0.0196852195674, 0.109994227386, 0.02, 0.0, 1.2
1376687878.05, -0.0196915027527, 0.109994227386, 0.02, 0.0, 1.2
1376687878.15, -0.0196915027527, 0.109994227386, 0.02, 0.0, 0.6
1376687878.25, -0.0196915027527, 0.109994227386, 0.02, 0.0, 0.6
1376687878.35, -0.0196915027527, 0.109994227386, 0.02, -0.02, 0.0
1376687878.45, -0.0196915027527, 0.109994227386, 0.02, 0.0, 0.6
1376687878.55, -0.0196852195674, 0.109994227386, 0.02, 0.0, 0.9
1376687878.65, -0.0196915027527, 0.109994227386, 0.02, 0.0, 1.2
1376687878.75, -0.0196915027527, 0.109994227386, 0.02, 0.0, 0.9
1376687878.85, -0.0196915027527, 0.109994227386, 0.02, -0.02, 0.6
1376687878.95, -0.0196915027527, 0.109994227386, 0.04, 0.0, 0.3
1376687879.05, -0.0196915027527, 0.109994227386, 0.02, 0.0, 0.3
1376687879.15, -0.0196852195674, 0.109994227386, 0.02, 0.0, 0.9
1376687879.25, -0.0196852195674, 0.109994227386, 0.02, 0.0, 0.3
1376687879.35, -0.0196852195674, 0.109994227386, 0.05, 0.02, 0.9
