2013-08-16 14:21:10
1376677279.52, 0.01, -0.000106814150222, 0.02, 0.02, -0.3
1376677280.04, 0.02, 0.00867707890922, 0.02, 0.0, 0.0
1376677280.54, 0.03, 0.0186484939917, 0.02, 0.0, -0.3
1376677280.57, 0.04, 0.0187992904391, 0.02, 0.0, 0.9
1376677280.61, 0.05, 0.019144865631, 0.02, 0.02, 0.0
1376677280.64, 0.06, 0.0207156619578, 0.02, 0.02, 0.6
1376677280.67, 0.07, 0.0238635377967, 0.02, 0.0, 0.3
1376677280.7, 0.08, 0.0278533604667, 0.02, 0.02, 0.3
1376677280.73, 0.09, 0.0326599972267, 0.02, -0.02, 0.0
1376677280.76, 0.1, 0.038107518888, 0.02, 0.05, 0.3
1376677280.79, 0.11, 0.0442964564156, 0.02, 0.05, 0.6
1376677280.82, 0.12, 0.0509880487678, 0.02, 0.02, 0.0
1376677280.85, 0.13, 0.0581508800179, 0.0, -0.05, -0.6
1376677280.88, 0.14, 0.0654582245302, 0.0, -0.07, -0.6
1376677280.91, 0.15, 0.0733687548319, 0.02, 0.0, -0.6
1376677280.94, 0.16, 0.0815997275843, 0.02, 0.05, 0.3
1376677281.49, 0.15, 0.154604057668, 0.02, 0.0, 0.3
1376677281.99, 0.14, 0.150940960634, 0.02, 0.02, 0.3
1376677282.02, 0.13, 0.150840429669, 0.0, 0.02, 0.0
1376677282.05, 0.12, 0.150519987219, 0.02, 0.02, 0.0
1376677282.08, 0.11, 0.148836093556, 0.02, 0.02, -0.6
1376677282.11, 0.1, 0.146065208836, 0.02, 0.02, -0.3
1376677282.15, 0.09, 0.14227016491, 0.02, -0.02, -1.2
1376677282.18, 0.08, 0.137432112224, 0.02, 0.0, 0.6
1376677282.21, 0.07, 0.132147953381, 0.02, 0.0, -0.3
1376677282.24, 0.06, 0.125117069022, 0.02, 0.02, -0.6
1376677282.27, 0.05, 0.118557423561, 0.02, 0.0, -0.6
1376677282.3, 0.04, 0.111495123276, 0.02, 0.0, 0.0
1376677282.33, 0.03, 0.104062115058, 0.02, 0.0, 0.0
1376677282.36, 0.02, 0.0962081334235, 0.02, -0.02, -0.6
1376677282.39, 0.01, 0.0881405234891, 0.0, -0.02, 0.0
1376677282.42, -3.46944695195e-18, 0.0797084888069, 0.02, 0.07, 0.9
1376677282.45, -0.01, 0.0710188435271, 0.02, 0.0, 0.0
1376677282.48, -0.02, 0.0621281363174, 0.02, 0.0, -0.3
1376677282.51, -0.03, 0.0531683140694, 0.02, 0.0, -0.3
1376677282.54, -0.04, 0.0440199962621, 0.02, -0.02, -0.6
1376677282.57, -0.05, 0.034997342161, 0.02, -0.02, 0.0
1376677282.6, -0.06, 0.0256479624239, 0.02, -0.05, 0.0
1376677282.63, -0.07, 0.0161415030541, 0.02, 0.02, 0.6
1376677282.66, -0.08, 0.00676699057583, 0.02, 0.0, 0.0
1376677282.69, -0.09, -0.00265150419963, 0.0, 0.0, 0.0
1376677282.72, -0.1, -0.0136596448578, 0.02, 0.05, 0.0
1376677282.75, -0.11, -0.0231661042276, 0.02, -0.02, -0.3
1376677282.78, -0.12, -0.0328610591565, 0.02, -0.02, 0.3
1376677282.81, -0.13, -0.0424994654178, 0.02, 0.0, -0.3
1376677282.84, -0.14, -0.0522761017557, 0.02, 0.0, 0.3
1376677282.87, -0.15, -0.0620276053525, 0.02, 0.0, 0.3
1376677282.9, -0.16, -0.0717791089492, 0.02, 0.0, 0.0
1376677282.93, -0.17, -0.0817253912905, 0.02, 0.0, 0.0
1376677282.96, -0.18, -0.0916025585934, 0.02, -0.05, -0.3
1376677283.48, -0.17, -0.172775029577, 0.02, -0.05, -0.6
1376677283.98, -0.16, -0.170544498793, 0.02, -0.05, 0.0
1376677284.02, -0.15, -0.170475383754, 0.02, -0.05, -0.3
1376677284.05, -0.14, -0.170217773157, 0.02, -0.05, -0.3
1376677284.08, -0.13, -0.168464764456, 0.04, -0.02, -0.3
1376677284.11, -0.12, -0.165750428403, 0.02, -0.02, 0.0
1376677284.14, -0.11, -0.161867419884, 0.04, -0.02, 0.0
1376677284.17, -0.1, -0.157010517641, 0.02, 0.0, 0.3
1376677284.2, -0.09, -0.151694942871, 0.02, -0.02, 0.3
1376677284.23, -0.08, -0.14563166905, 0.02, -0.02, -0.6
1376677284.26, -0.07, -0.139034324477, 0.02, -0.02, -0.6
1376677284.29, -0.06, -0.131796095003, 0.02, 0.02, 0.9
1376677284.32, -0.05, -0.12436936997, 0.02, 0.05, 0.6
1376677284.35, -0.04, -0.116446273298, 0.02, 0.05, 0.3
1376677284.38, -0.03, -0.108259282843, 0.02, 0.02, 0.3
1376677284.41, -0.02, -0.0998083986045, 0.02, 0.02, -0.3
1376677284.44, -0.01, -0.0911941515484, 0.02, 0.0, 0.3
1376677284.47, 3.46944695195e-18, -0.0822720284122, 0.02, 0.0, -0.3
1376677284.5, 0.01, -0.0734692857969, 0.02, 0.02, 0.0
1376677284.53, 0.02, -0.0630894636694, 0.0, 0.02, 0.0
1376677284.56, 0.03, -0.055329729815, 0.02, 0.02, 0.9
1376677284.59, 0.04, -0.0445540670132, 0.02, -0.05, 0.0
1376677284.62, 0.05, -0.0352612359439, 0.02, 0.02, 0.0
1376677284.65, 0.06, -0.0260500862836, 0.02, 0.05, 0.0
1376677284.68, 0.07, -0.0164619455048, 0.02, -0.05, -0.6
1376677284.71, 0.08, -0.00687380472605, 0.0, -0.02, 0.0
1376677284.74, 0.09, 0.00275203516454, 0.02, 0.0, -0.6
1376677284.77, 0.1, 0.0123590254992, 0.02, 0.0, 0.0
1376677284.8, 0.11, 0.0206151309929, 0.02, 0.0, 0.0
1376677284.83, 0.12, 0.0319939795842, 0.02, 0.02, 0.6
1376677284.86, 0.13, 0.0418334477752, 0.0, 0.0, -0.3
1376677284.89, 0.14, 0.0515849513719, 0.0, 0.0, 0.0
1376677284.92, 0.15, 0.0614684018601, 0.02, 0.05, 0.3
1376677284.95, 0.16, 0.0714146842014, 0.02, 0.07, 0.0
1376677284.98, 0.17, 0.0813798160986, 0.02, -0.02, 0.0
1376677285.01, 0.18, 0.091288399328, 0.02, -0.02, -0.3
1376677285.04, 0.19, 0.100983354257, 0.02, 0.0, 0.6
1376677285.07, 0.2, 0.11086052156, 0.02, 0.0, 0.3
1376677285.11, 0.21, 0.122823706385, 0.02, 0.0, -0.3
1376677285.13, 0.22, 0.130828484466, 0.02, 0.0, -0.3
1376677285.16, 0.23, 0.140636536731, 0.02, 0.05, 0.0
1376677285.19, 0.24, 0.150570252701, 0.02, 0.02, 0.3
1376677285.44, 0.23, 0.211498300625, 0.02, 0.02, 0.3
1376677285.94, 0.22, 0.228594847846, 0.02, 0.02, 0.0
1376677285.97, 0.21, 0.228783343405, 0.02, 0.05, 0.6
1376677286.0, 0.2, 0.228802192961, 0.02, 0.02, 0.0
1376677286.03, 0.19, 0.227771750571, 0.02, 0.0, 0.6
1376677286.06, 0.18, 0.225019715406, 0.02, 0.02, 0.3
1376677286.09, 0.17, 0.222085467868, 0.02, 0.02, 0.3
1376677286.12, 0.16, 0.216637946206, 0.02, 0.02, 0.0
1376677286.15, 0.15, 0.21130352188, 0.02, 0.05, 0.0
1376677286.18, 0.14, 0.205296796727, 0.02, 0.05, 0.6
1376677286.21, 0.13, 0.198699452154, 0.02, 0.05, 0.0
1376677286.24, 0.12, 0.191699983722, 0.02, -0.02, -0.3
1376677286.27, 0.11, 0.184147594983, 0.02, -0.02, 0.3
1376677286.3, 0.1, 0.176532374391, 0.02, -0.05, 0.0
1376677286.33, 0.09, 0.168515029939, 0.02, -0.05, -0.3
1376677286.36, 0.08, 0.158895473233, 0.02, 0.0, 0.6
1376677286.39, 0.07, 0.150388040327, 0.02, 0.02, 0.0
1376677286.42, 0.06, 0.141692111862, 0.02, 0.0, 0.3
1376677286.45, 0.05, 0.132713440058, 0.02, 0.02, -0.6
1376677286.48, 0.04, 0.123627954104, 0.02, 0.0, 0.3
1376677286.52, 0.03, 0.114655565485, 0.02, 0.0, 0.0
1376677286.55, 0.02, 0.10400556639, 0.02, 0.02, 0.9
1376677286.58, 0.01, 0.0946687530233, 0.02, -0.02, 0.0
1376677286.61, -3.46944695195e-18, 0.0853507892127, 0.02, -0.02, 0.0
1376677286.64, -0.01, 0.0762024714055, 0.02, 0.0, 0.3
1376677286.67, -0.02, 0.0666080474414, 0.02, 0.02, 0.0
1376677286.7, -0.03, 0.0570010571067, 0.02, 0.02, -0.3
1376677286.73, -0.04, 0.0472935358071, 0.02, -0.02, 0.0
1376677286.76, -0.05, 0.0376991118431, 0.02, -0.07, -0.9
1376677286.79, -0.06, 0.0279476082463, 0.02, -0.02, -0.3
1376677287.87, 0.01, 0.000193993346359, 0.02, 0.0, -0.3
1376677288.37, 0.02, 0.00870417514585, 0.02, 0.0, -0.3
1376677288.4, 0.03, 0.00889816849221, 0.02, 0.0, 0.3
1376677288.43, 0.04, 0.00919936868787, 0.0, 0.0, 0.0
1376677288.46, 0.05, 0.0107206849304, 0.02, 0.0, 0.3
1376677288.49, 0.06, 0.0135744291571, 0.02, 0.02, 0.3
1376677288.52, 0.07, 0.0175308724052, 0.02, 0.0, 0.0
1376677288.55, 0.08, 0.0223909162403, 0.02, 0.02, 0.6
1376677288.58, 0.09, 0.0286803847328, 0.02, 0.0, 0.3
1376677288.61, 0.1, 0.0337395270023, 0.02, -0.02, -0.3
1376677288.64, 0.11, 0.0414328947119, 0.02, -0.02, 0.0
1376677288.67, 0.12, 0.0483043432434, 0.02, 0.0, 0.3
1376677288.7, 0.13, 0.0558547684873, 0.02, 0.0, -0.9
1376677288.73, 0.14, 0.0637574448074, 0.02, 0.0, 0.0
1376677288.76, 0.15, 0.071869429738, 0.02, 0.0, 0.3
1376677288.79, 0.16, 0.0802775097763, 0.02, 0.02, -0.3
1376677288.82, 0.17, 0.0889357391296, 0.02, 0.0, -0.6
1376677288.85, 0.18, 0.0977981720053, 0.02, 0.02, 0.3
1376677288.88, 0.19, 0.106788232083, 0.02, 0.0, 0.0
1376677289.32, 0.18, 0.180097296654, 0.02, 0.0, 0.3
1376677289.82, 0.17, 0.180393391762, 0.02, 0.0, 0.3
1376677289.85, 0.16, 0.180352551057, 0.02, 0.02, -0.3
1376677289.88, 0.15, 0.180158557711, 0.02, 0.0, -0.6
1376677289.92, 0.14, 0.178187993719, 0.02, 0.02, 0.0
1376677289.95, 0.13, 0.175727341273, 0.02, 0.0, 0.0
1376677289.98, 0.12, 0.172010837164, 0.02, -0.02, -0.3
1376677290.01, 0.11, 0.166650494699, 0.02, 0.02, -0.3
1376677290.04, 0.1, 0.161264626793, 0.02, 0.0, 0.3
1376677290.07, 0.09, 0.155332514465, 0.02, 0.0, -0.3
1376677290.1, 0.08, 0.148665269456, 0.02, 0.0, -0.3
1376677290.13, 0.07, 0.141610037754, 0.02, 0.0, 0.0
1376677290.16, 0.06, 0.134069822686, 0.02, 0.0, 0.6
1376677290.19, 0.05, 0.126192671807, 0.0, 0.0, -0.3
1376677290.22, 0.04, 0.11809600214, 0.02, 0.0, 0.6
1376677290.25, 0.03, 0.10966750175, 0.02, 0.0, -0.3
1376677290.28, 0.02, 0.101024587661, 0.02, 0.0, -0.3
1376677290.31, 0.01, 0.0922948870744, 0.02, 0.0, 0.0
1376677290.34, -3.46944695195e-18, 0.0834988203434, 0.02, 0.02, 0.3
1376677290.37, -0.01, 0.0730793356087, 0.02, 0.0, 0.0
1376677290.4, -0.02, 0.0638391262164, 0.02, 0.0, 0.0
1376677290.43, -0.03, 0.0548950119316, 0.02, 0.0, 0.3
1376677290.47, -0.04, 0.043663818195, 0.02, 0.0, -0.3
1376677290.5, -0.05, 0.0360521318944, 0.02, 0.0, 0.0
1376677290.53, -0.06, 0.0266587698602, 0.02, -0.02, 0.3
1376677290.56, -0.07, 0.0156981457909, 0.02, -0.02, 0.0
1376677290.59, -0.08, 0.00620778708349, 0.02, 0.0, 0.3
1376677290.62, -0.09, -0.00332341232842, 0.02, 0.0, 0.3
1376677290.65, -0.1, -0.0129362931493, 0.0, 0.0, 0.3
1376677290.68, -0.11, -0.0226563808195, 0.02, -0.02, -0.9
1376677290.71, -0.12, -0.0323407328733, 0.02, 0.0, 0.3
1376677290.74, -0.13, -0.0421476070406, 0.02, -0.02, 0.0
1376677290.77, -0.14, -0.0520055320884, 0.02, 0.0, -0.3
1376677290.8, -0.15, -0.0615163111481, 0.02, -0.02, -0.3
1376677290.83, -0.16, -0.0714406023408, 0.02, -0.02, 0.0
1376677290.86, -0.17, -0.0813189477409, 0.02, -0.05, 0.0
1376677291.25, -0.16, -0.156961037557, 0.02, -0.05, 0.0
1376677291.75, -0.15, -0.159896463193, 0.02, -0.02, 0.0
1376677291.78, -0.14, -0.159886253016, 0.02, -0.05, 0.0
1376677291.81, -0.13, -0.159763730903, 0.02, -0.02, 0.0
1376677291.84, -0.12, -0.158405777478, 0.04, -0.02, 0.0
1376677291.87, -0.11, -0.155628609573, 0.02, -0.02, 0.0
1376677291.9, -0.1, -0.151733427381, 0.02, -0.02, 0.0
1376677291.93, -0.09, -0.147026536188, 0.02, -0.02, 0.6
1376677291.96, -0.08, -0.141507935993, 0.02, -0.02, 0.6
1376677291.99, -0.07, -0.135575823665, 0.02, -0.05, 0.3
1376677292.02, -0.06, -0.128893263391, 0.02, -0.02, -0.6
1376677292.05, -0.05, -0.12183803169, 0.02, -0.02, -0.3
1376677292.09, -0.04, -0.112955178462, 0.02, -0.02, 0.3
1376677292.12, -0.03, -0.106323669069, 0.02, -0.02, 0.0
1376677292.15, -0.02, -0.096945622299, 0.02, -0.02, 0.0
1376677292.18, -0.01, -0.0887009050787, 0.02, 0.0, 0.0
1376677292.21, 3.46944695195e-18, -0.0801958283673, 0.02, -0.02, 0.0
1376677292.24, 0.01, -0.0715018633975, 0.02, 0.0, 0.0
1376677292.27, 0.02, -0.0625832745531, 0.02, 0.0, 0.3
1376677292.3, 0.03, -0.0534911127145, 0.02, 0.0, 0.3
1376677292.33, 0.04, -0.0443121643789, 0.0, 0.0, 0.0
1376677292.36, 0.05, -0.0351842669239, 0.02, 0.0, -0.3
1376677292.39, 0.06, -0.0257194336568, 0.0, -0.02, 0.3
1376677292.42, 0.07, -0.0162137596852, 0.02, 0.0, 0.3
1376677292.45, 0.08, -0.00666213992102, 0.02, 0.0, 0.3
1376677292.48, 0.09, 0.00299668669244, 0.02, 0.0, 0.0
1376677292.51, 0.1, 0.0124921504879, 0.02, 0.0, 0.0
1376677292.54, 0.11, 0.0219927193715, 0.02, 0.0, -0.3
1376677292.57, 0.12, 0.0317281223058, 0.02, 0.0, 0.0
1376677292.6, 0.13, 0.0414686303283, 0.02, 0.0, -0.3
1376677292.63, 0.14, 0.0511223518537, 0.02, 0.0, -0.6
1376677292.66, 0.15, 0.0608169140836, 0.04, 0.0, -0.9
1376677292.69, 0.16, 0.0702970626149, 0.02, 0.0, -0.3
1376677293.12, 0.15, 0.149088991765, 0.02, 0.0, 0.6
1376677293.63, 0.14, 0.150324423076, 0.02, 0.0, 0.3
1376677293.66, 0.13, 0.150293792548, 0.02, 0.0, 0.0
1376677293.69, 0.12, 0.150084483937, 0.0, 0.0, -0.3
1376677293.72, 0.11, 0.148624428751, 0.02, 0.0, 0.0
1376677293.75, 0.1, 0.145780894701, 0.02, 0.02, 0.3
1376677293.78, 0.09, 0.14191123795, 0.02, 0.0, 0.0
1376677293.81, 0.08, 0.136285430905, 0.02, 0.02, 0.3
1376677293.84, 0.07, 0.131701061826, 0.02, 0.0, -0.3
1376677293.87, 0.06, 0.125723003705, 0.02, 0.0, -0.6
1376677293.9, 0.05, 0.119117019753, 0.02, 0.0, -0.3
1376677293.93, 0.04, 0.112005632082, 0.02, -0.02, 0.0
1376677293.96, 0.03, 0.104363315253, 0.02, 0.0, -0.3
1376677293.99, 0.02, 0.0964657440211, 0.02, 0.02, 0.0
1376677294.02, 0.01, 0.0870315412824, 0.02, 0.0, -0.3
1376677294.05, -3.46944695195e-18, 0.0803796115375, 0.02, 0.0, 0.6
1376677294.08, -0.01, 0.0705012661374, 0.02, -0.02, -0.6
1376677294.11, -0.02, 0.0616949892303, 0.02, 0.0, -0.6
1376677294.14, -0.03, 0.0527253495052, 0.02, 0.0, 0.3
1376677294.72, -0.02, -0.0248821992146, 0.02, 0.0, 0.3
1376677295.22, -0.01, -0.0208236542052, 0.02, -0.02, 0.0
1376677295.25, -3.46944695195e-18, -0.0207470778843, 0.02, 0.0, 0.0
1376677295.6, 0.01, -0.00441079608564, 0.02, 0.0, 0.0
1376677296.1, 0.02, 0.008387659686, 0.0, 0.0, -0.6
1376677296.49, 0.03, 0.0177146555754, 0.02, 0.02, -0.3
1376677296.85, 0.04, 0.027215224459, 0.02, 0.0, -0.3
