2013-08-16 17:14:36
1376687682.04, 0.01, -3.14159265359e-05, 0.02, 0.0, 0.6
1376687682.54, 0.02, 0.00855141520307, 0.0, 0.02, 0.0
1376687682.57, 0.03, 0.00870221165044, 0.0, 0.0, -0.3
1376687682.6, 0.04, 0.00947504344323, 0.02, 0.02, 0.6
1376687682.63, 0.05, 0.0113599990354, 0.02, 0.0, -0.6
1376687682.66, 0.06, 0.0144890253184, 0.0, 0.0, -0.6
1376687682.7, 0.07, 0.0186233612505, 0.02, 0.02, -0.3
1376687682.73, 0.08, 0.0231723874129, 0.0, 0.02, -0.3
1376687683.29, 0.07, 0.0762715864439, 0.02, 0.02, 0.0
1376687683.79, 0.06, 0.0711382240479, 0.02, 0.0, 0.0
1376687683.82, 0.05, 0.0710251267124, 0.0, 0.02, -0.3
1376687683.85, 0.04, 0.0706921178911, 0.02, 0.0, 0.0
1376687683.89, 0.03, 0.0690961888231, 0.0, -0.02, -0.3
1376687683.92, 0.02, 0.0662813218054, 0.02, 0.02, 0.3
1376687683.95, 0.01, 0.0622914991354, 0.02, 0.0, -0.6
1376687683.98, -3.46944695195e-18, 0.0575539774138, 0.02, 0.02, -0.3
1376687684.01, -0.01, 0.0523389336088, 0.0, 0.02, 0.0
1376687684.04, -0.02, 0.0460745978575, 0.02, 0.0, 0.3
1376687684.07, -0.03, 0.0394207046172, 0.02, 0.05, 0.0
1376687684.1, -0.04, 0.0300713248802, 0.0, -0.02, 0.6
1376687684.13, -0.05, 0.0224498211026, 0.0, 0.0, 0.0
1376687684.16, -0.06, 0.014746635916, 0.02, -0.02, -0.3
1376687684.19, -0.07, 0.00645911449578, 0.02, -0.05, -0.3
1376687684.22, -0.08, -0.00195407063053, 0.02, 0.05, 0.3
1376687684.25, -0.09, -0.0102792911625, 0.02, 0.0, 0.0
1376687684.28, -0.1, -0.0189438037011, 0.02, 0.0, -0.3
1376687684.31, -0.11, -0.0274889357189, 0.02, 0.0, 0.0
1376687684.34, -0.12, -0.0364361915963, 0.0, 0.0, 0.3
1376687684.37, -0.13, -0.0455530934771, 0.0, -0.02, -0.9
1376687684.4, -0.14, -0.0548396413611, 0.0, 0.0, -0.9
1376687684.43, -0.15, -0.0643209679896, 0.02, -0.05, 0.0
1376687684.47, -0.16, -0.0737645955063, 0.02, 0.05, 0.6
1376687684.5, -0.17, -0.0833590194704, 0.02, 0.0, 0.3
1376687684.53, -0.18, -0.092966009805, 0.02, -0.05, -0.3
1376687684.56, -0.19, -0.102497601916, 0.02, 0.0, 0.0
1376687684.59, -0.2, -0.112054326768, 0.02, -0.02, -0.3
1376687684.62, -0.21, -0.121699016215, 0.02, 0.02, 0.0
1376687684.65, -0.22, -0.131337422476, 0.0, -0.02, -0.6
1376687684.68, -0.23, -0.140680519028, 0.02, -0.02, 0.0
1376687684.71, -0.24, -0.150394323513, 0.02, -0.05, -0.9
1376687684.74, -0.25, -0.16169777388, 0.02, 0.02, 0.6
1376687684.77, -0.26, -0.171474410218, 0.02, 0.0, 0.0
1376687684.8, -0.27, -0.181376710262, 0.02, -0.02, 0.3
1376687684.83, -0.28, -0.191329275789, 0.0, 0.0, -0.6
1376687684.86, -0.29, -0.201149894424, 0.02, -0.02, 0.3
1376687684.89, -0.3, -0.211108743136, 0.0, -0.02, 0.0
1376687684.92, -0.31, -0.221042459107, 0.0, -0.07, -0.3
1376687684.95, -0.32, -0.230837945, 0.02, -0.05, 0.6
1376687685.24, -0.31, -0.297150682732, 0.0, -0.05, -0.3
1376687685.74, -0.3, -0.308824841033, 0.0, 0.0, 0.3
1376687685.77, -0.29, -0.308937938369, 0.02, -0.02, 0.3
1376687685.8, -0.28, -0.308956787925, 0.02, -0.02, 0.3
1376687685.83, -0.27, -0.307813248199, 0.0, -0.02, 0.3
1376687685.86, -0.26, -0.305369089114, 0.02, -0.02, 0.0
1376687685.89, -0.25, -0.301636877042, 0.0, 0.0, 0.6
1376687685.92, -0.24, -0.296955903988, 0.02, -0.02, -0.3
1376687685.95, -0.23, -0.291596346921, 0.02, 0.05, 0.9
1376687685.98, -0.22, -0.285671303176, 0.0, -0.02, 0.0
1376687686.02, -0.21, -0.278188029475, 0.02, 0.05, 0.9
1376687686.05, -0.2, -0.271150861931, 0.0, -0.05, -0.9
1376687686.08, -0.19, -0.263711570528, 0.0, -0.05, -0.6
1376687686.11, -0.18, -0.25587643845, 0.0, -0.02, 0.0
1376687686.14, -0.17, -0.247796262145, 0.0, 0.0, 0.0
1376687686.17, -0.16, -0.239471041613, 0.0, 0.0, 0.0
1376687686.2, -0.15, -0.230743697221, 0.02, 0.0, 0.0
1376687686.23, -0.14, -0.2220289192, 0.02, 0.02, -0.3
1376687686.26, -0.13, -0.213069096952, 0.0, 0.0, 0.0
1376687686.29, -0.12, -0.204360602116, 0.02, 0.0, 0.0
1376687686.32, -0.11, -0.195356797571, 0.02, -0.02, 0.0
1376687686.35, -0.1, -0.186246178875, 0.0, 0.0, 0.3
1376687686.38, -0.09, -0.176940781435, 0.0, 0.02, 0.3
1376687686.41, -0.08, -0.167371490213, 0.02, 0.0, 0.0
1376687686.44, -0.07, -0.156401048666, 0.0, 0.0, 0.0
1376687686.47, -0.06, -0.146844323814, 0.02, 0.0, 0.3
1376687686.5, -0.05, -0.137237333479, 0.0, 0.0, 0.3
1376687686.53, -0.04, -0.127466980327, 0.0, -0.07, -0.9
1376687686.56, -0.03, -0.117728043101, 0.02, -0.02, -0.3
1376687686.59, -0.02, -0.108077070469, 0.02, 0.02, 0.0
1376687686.62, -0.01, -0.0985580447284, 0.0, 0.0, -0.3
1376687686.66, 3.12250225676e-17, -0.0873174262139, 0.0, -0.02, -0.6
1376687687.34, 0.01, 0.000234834050856, 0.02, 0.0, 0.3
1376687687.84, 0.02, 0.00875012093841, 0.02, 0.02, -0.3
1376687687.87, 0.03, 0.00889306340415, 0.0, 0.0, 0.0
1376687687.9, 0.04, 0.00919936868787, 0.0, 0.0, 0.0
1376687687.93, 0.05, 0.0108125765155, 0.02, 0.02, 0.9
1376687688.39, 0.06, 0.0453587074316, 0.0, 0.0, 0.0
1376687688.89, 0.07, 0.0582950005809, 0.0, 0.0, 0.3
1376687688.92, 0.08, 0.0584787837512, 0.0, 0.02, 0.9
1376687688.95, 0.09, 0.0587493534185, 0.02, 0.02, -0.3
1376687688.98, 0.1, 0.0606382360014, 0.02, 0.02, 0.0
1376687689.01, 0.11, 0.0636196074297, 0.0, 0.02, -0.3
1376687689.04, 0.12, 0.0666673450027, 0.02, 0.02, -0.3
1376687689.07, 0.13, 0.0713078700512, 0.0, 0.02, 0.0
1376687689.1, 0.14, 0.0776688097765, 0.0, 0.02, 0.0
1376687689.13, 0.15, 0.0838919121242, 0.0, 0.02, 0.3
1376687689.16, 0.16, 0.0905591571333, 0.0, 0.05, 0.3
1376687689.19, 0.17, 0.0977215956844, 0.0, 0.02, 0.0
1376687689.22, 0.18, 0.105348597249, 0.0, 0.02, 0.0
1376687689.25, 0.19, 0.113230853217, 0.0, 0.02, -0.3
1376687692.27, 0.18, 0.189694862211, 0.02, 0.02, 1.2
1376687692.52, 0.17, 0.183992478846, 0.02, 0.02, 0.0
1376687692.72, 0.16, 0.176426738338, 0.0, 0.02, -0.3
1376687692.94, 0.15, 0.166767911724, 0.02, 0.02, 0.0
1376687693.44, 0.14, 0.151748742645, 0.02, 0.02, 0.0
1376687693.47, 0.13, 0.151467962802, 0.02, 0.02, -0.3
1376687693.51, 0.12, 0.150931928555, 0.02, 0.0, -0.6
1376687693.53, 0.11, 0.149487188634, 0.0, 0.02, 0.0
1376687693.56, 0.1, 0.146781491961, 0.0, 0.0, 0.0
1376687693.59, 0.09, 0.143161984525, 0.02, 0.02, 0.0
1376687693.62, 0.08, 0.13848572386, 0.0, 0.02, 0.3
1376687693.65, 0.07, 0.133028384722, 0.0, 0.0, -0.3
1376687693.68, 0.06, 0.127162638538, 0.0, 0.02, 0.0
1376687693.71, 0.05, 0.120592390203, 0.0, 0.0, 0.0
1376687693.75, 0.04, 0.112291517014, 0.0, 0.0, -0.3
1376687693.78, 0.03, 0.104710461241, 0.0, 0.0, 0.0
1376687693.81, 0.02, 0.096787364569, 0.02, 0.0, -0.9
1376687693.84, 0.01, 0.0885477524368, 0.0, 0.02, 0.0
1376687693.87, -3.46944695195e-18, 0.0801549876628, 0.0, 0.0, -0.3
1376687693.9, -0.01, 0.0714865481334, 0.0, 0.0, -0.3
1376687693.93, -0.02, 0.0624352269993, 0.0, 0.02, 0.0
1376687693.96, -0.03, 0.0534400618339, 0.0, 0.0, 0.3
1376687693.99, -0.04, 0.0443836356118, 0.0, 0.0, 0.0
1376687694.02, -0.05, 0.0338263134994, 0.0, 0.0, -0.6
1376687694.05, -0.06, 0.024586104107, 0.0, 0.02, 0.6
1376687694.08, -0.07, 0.0152437929534, 0.02, 0.0, -1.2
1376687694.11, -0.08, 0.00616184129093, 0.0, 0.0, 0.3
1376687694.14, -0.09, -0.0033387275926, 0.02, 0.0, 0.0
1376687694.5, -0.1, -0.074830380814, 0.0, 0.02, 0.0
1376687695.01, -0.11, -0.0973642395201, 0.0, 0.0, -0.3
1376687695.04, -0.12, -0.0976960702441, 0.0, -0.02, -0.6
1376687695.07, -0.13, -0.0982372095787, 0.0, -0.02, -0.3
1376687695.43, -0.12, -0.123874961826, 0.02, 0.0, 0.0
1376687695.93, -0.11, -0.120674071612, 0.0, 0.0, -0.9
1376687695.96, -0.1, -0.120597495291, 0.0, 0.0, 0.0
1376687695.99, -0.09, -0.120347345976, 0.02, -0.02, -0.3
1376687696.02, -0.08, -0.118928131494, 0.0, 0.0, 0.3
1376687696.05, -0.07, -0.116431743432, 0.02, 0.0, 0.0
1376687696.08, -0.06, -0.112414039127, 0.02, 0.0, 0.3
1376687696.11, -0.05, -0.107926666721, 0.0, 0.02, 0.3
1376687696.14, -0.04, -0.102617375136, 0.02, 0.0, 0.0
1376687696.17, -0.03, -0.0966086864869, 0.0, 0.02, 0.3
1376687696.2, -0.02, -0.0900945941196, 0.02, 0.0, 0.0
1376687696.24, -0.01, -0.0818498768994, 0.02, 0.0, 0.0
1376687696.26, 3.46944695195e-18, -0.0755042524382, 0.02, 0.0, 0.3
1376687696.3, 0.01, -0.0663253041026, 0.0, 0.0, -1.2
1376687696.33, 0.02, -0.0581775835555, 0.0, 0.0, -0.3
1376687696.36, 0.03, -0.0497337679008, 0.02, 0.0, 0.0
1376687696.39, 0.04, -0.0410959588998, 0.02, -0.02, 0.0
1376687696.42, 0.05, -0.0327082992138, 0.0, 0.02, 0.0
1376687696.45, 0.06, -0.023932652835, 0.02, 0.0, -0.6
1376687696.48, 0.07, -0.0149170673174, 0.02, 0.0, -0.3
1376687696.51, 0.08, -0.00578406477434, 0.0, 0.02, -0.3
1376687696.54, 0.09, 0.00344593444191, 0.02, 0.02, -0.9
1376687696.57, 0.1, 0.0127780354194, 0.0, 0.0, 0.0
1376687696.6, 0.11, 0.0238050256335, 0.02, 0.0, -0.3
1376687697.67, 0.01, -0.000157079632679, 0.0, 0.02, 0.3
1376687698.17, 0.02, 0.00853884883246, 0.0, 0.02, 0.6
1376687698.21, 0.03, 0.00870221165044, 0.02, 0.02, 0.3
1376687698.24, 0.04, 0.00904778684234, 0.02, 0.02, 0.3
1376687698.27, 0.05, 0.0107442468753, 0.02, 0.02, -0.3
1376687698.3, 0.06, 0.0137350430815, 0.0, 0.02, 0.3
1376687698.33, 0.07, 0.0177122993809, 0.02, 0.02, -0.3
1376687698.36, 0.08, 0.0224121219907, 0.02, 0.02, 0.3
1376687698.39, 0.09, 0.0278093781696, 0.02, 0.05, 0.3
1376687698.42, 0.1, 0.0337972537673, 0.02, 0.07, 0.3
1376687698.45, 0.11, 0.0400364567773, 0.0, 0.02, 0.0
1376687698.48, 0.12, 0.0484307923477, 0.02, 0.0, -0.3
1376687698.51, 0.13, 0.0556753050069, 0.02, 0.02, -0.3
1376687698.54, 0.14, 0.0634413220466, 0.0, 0.12, 0.9
1376687698.57, 0.15, 0.0716597284284, 0.0, 0.05, 0.3
1376687698.94, 0.14, 0.136495917613, 0.02, 0.05, 0.0
1376687699.43, 0.13, 0.139945386347, 0.0, 0.05, 0.0
1376687699.46, 0.12, 0.139945386347, 0.0, 0.05, -0.3
1376687699.5, 0.11, 0.139769457158, 0.02, 0.05, 0.3
1376687699.53, 0.1, 0.138475120985, 0.0, 0.02, 0.3
1376687699.56, 0.09, 0.135773351303, 0.0, 0.05, -0.3
1376687699.59, 0.08, 0.13202857286, 0.02, 0.02, 0.3
1376687699.62, 0.07, 0.127523528995, 0.02, 0.02, 0.0
1376687699.65, 0.06, 0.122201671039, 0.02, 0.05, 1.2
1376687699.68, 0.05, 0.116396007816, 0.02, 0.0, -0.3
1376687699.71, 0.04, 0.109798663243, 0.02, 0.05, 0.6
1376687699.74, 0.03, 0.101624239158, 0.0, -0.02, -0.3
1376687699.77, 0.02, 0.094172381384, 0.02, 0.02, 0.3
1376687699.8, 0.01, 0.0862744174529, 0.02, 0.0, 0.0
1376687699.83, 2.42861286637e-17, 0.0782256570744, 0.02, -0.05, 0.3
1376687699.86, -0.01, 0.0696742418713, 0.0, 0.05, 0.0
1376687699.89, -0.02, 0.0612233576332, 0.0, 0.05, 0.6
