2013-08-16 17:27:29
1376688453.03, 0.01, -0.000213628300444, 0.04, -0.02, 0.6
1376688453.52, 0.02, 0.00856398157369, 0.05, -0.02, 0.6
1376688453.55, 0.03, 0.00871477802106, 0.05, 0.0, 0.9
1376688453.58, 0.04, 0.00894725587742, 0.07, 0.0, 0.6
1376688453.61, 0.05, 0.0103986716834, 0.05, 0.0, 0.9
1376688453.64, 0.06, 0.0131632732185, 0.05, 0.0, 0.9
1376688453.67, 0.07, 0.0168452198085, 0.07, 0.0, 0.9
1376688453.71, 0.08, 0.022255042358, 0.07, 0.0, 0.2
1376688453.74, 0.09, 0.0278219445402, 0.07, 0.02, 1.2
1376688453.77, 0.1, 0.0339794661412, 0.07, 0.02, 0.6
1376688453.8, 0.11, 0.0406710584934, 0.07, 0.02, 0.9
1376688453.83, 0.12, 0.0478338897436, 0.07, -0.02, 0.9
1376688453.86, 0.13, 0.0552229156648, 0.05, -0.02, 0.9
1376688453.89, 0.14, 0.0627815875893, 0.02, -0.05, 0.3
1376688453.92, 0.15, 0.0710251267124, 0.05, 0.0, 0.9
1376688453.95, 0.16, 0.0792875153913, 0.05, 0.05, 1.2
1376688453.98, 0.17, 0.0877635323707, 0.07, -0.02, 0.9
1376688454.01, 0.18, 0.0966039740979, 0.07, 0.0, 0.2
1376688454.04, 0.19, 0.105488398122, 0.05, 0.02, 0.6
1376688454.07, 0.2, 0.116088131735, 0.05, -0.02, 0.6
1376688454.46, 0.19, 0.18725777171, 0.05, 0.02, 0.9
1376688454.97, 0.18, 0.190279983843, 0.07, 0.02, 0.6
1376688455.0, 0.17, 0.190267417472, 0.05, 0.0, 1.2
1376688455.03, 0.16, 0.190066355542, 0.07, 0.0, 0.6
1376688455.06, 0.15, 0.188533258327, 0.04, 0.0, 0.3
1376688455.09, 0.14, 0.185705824939, 0.05, 0.02, 0.9
1376688455.12, 0.13, 0.181376710262, 0.05, 0.0, 0.9
1376688455.15, 0.12, 0.176796268173, 0.05, 0.0, 0.6
1376688455.18, 0.11, 0.171348746512, 0.05, 0.02, 0.9
1376688455.21, 0.1, 0.165386003656, 0.05, 0.05, 1.5
1376688455.24, 0.09, 0.158694411303, 0.07, 0.0, 0.6
1376688455.27, 0.08, 0.151864588875, 0.05, -0.05, 0.9
1376688455.3, 0.07, 0.144356182432, 0.05, -0.02, 0.6
1376688455.33, 0.06, 0.13652733354, 0.07, -0.05, 0.6
1376688455.36, 0.05, 0.128440874049, 0.04, -0.02, 0.3
1376688455.39, 0.04, 0.11985804292, 0.05, 0.0, 0.9
1376688455.43, 0.03, 0.109980875617, 0.07, 0.0, 0.9
1376688455.46, 0.02, 0.101303796708, 0.05, 0.0, 1.2
1376688455.49, 0.01, 0.0924382222392, 0.05, 0.0, 0.6
1376688455.52, -3.46944695195e-18, 0.0834218513234, 0.05, 0.0, 0.6
1376688455.55, -0.01, 0.0742546839602, 0.05, 0.02, 0.9
1376688455.58, -0.02, 0.0650623838558, 0.05, 0.0, 1.2
1376688455.61, -0.03, 0.0557884023424, 0.05, -0.02, 0.6
1376688456.13, 0.01, 0.000255254403104, 0.05, 0.0, 0.9
1376688456.63, 0.02, 0.00873991076229, 0.07, 0.0, 0.9
1376688456.66, 0.03, 0.00889816849221, 0.07, -0.02, 0.9
1376688456.69, 0.04, 0.00919936868787, 0.07, -0.02, 0.9
1376688456.72, 0.05, 0.0108125765155, 0.05, 0.0, 0.9
1376688456.75, 0.06, 0.0135386935406, 0.05, 0.0, 0.6
1376688456.78, 0.07, 0.0172143569453, 0.07, 0.0, 0.9
1376688456.81, 0.08, 0.0218293565535, 0.07, 0.02, 1.2
1376688456.85, 0.09, 0.0272356448112, 0.05, 0.0, 0.6
1376688456.88, 0.1, 0.0342755612488, 0.05, 0.0, 1.2
1376688456.91, 0.11, 0.0409938571385, 0.07, 0.0, 0.2
1376688456.94, 0.12, 0.0481511906016, 0.04, 0.0, 0.3
1376688456.97, 0.13, 0.0556811954931, 0.05, 0.0, 1.5
1376688457.0, 0.14, 0.0635940819894, 0.05, 0.0, 0.6
1376688457.03, 0.15, 0.0712976598751, 0.04, -0.02, 0.3
1376688457.06, 0.16, 0.0795372720073, 0.07, 0.0, 0.6
1376688457.09, 0.17, 0.0880933995993, 0.05, 0.0, 0.9
1376688457.45, 0.16, 0.155858338535, 0.07, 0.0, 1.5
1376688457.95, 0.15, 0.159738205463, 0.05, 0.02, 0.6
1376688457.98, 0.14, 0.159738205463, 0.07, 0.0, 0.0
1376688458.02, 0.13, 0.159671839318, 0.05, 0.0, 0.6
1376688458.05, 0.12, 0.158809079435, 0.05, 0.0, 0.9
1376688458.08, 0.11, 0.155633714661, 0.07, 0.0, 1.2
1376688458.11, 0.1, 0.151794688438, 0.05, -0.02, 1.2
1376688458.14, 0.09, 0.147057166716, 0.05, 0.0, 0.9
1376688458.17, 0.08, 0.141615142842, 0.05, 0.0, 1.5
1376688458.2, 0.07, 0.135698345778, 0.07, 0.02, 0.9
1376688458.23, 0.06, 0.129214883939, 0.04, 0.0, 0.0
1376688458.26, 0.05, 0.122328120144, 0.05, 0.0, 0.9
1376688458.29, 0.04, 0.114997213686, 0.05, 0.02, 0.6
1376688458.32, 0.03, 0.105986733257, 0.07, 0.0, 0.6
1376688458.35, 0.02, 0.0978236974456, 0.05, 0.02, 0.6
1376688458.38, 0.01, 0.0908093064483, 0.05, 0.02, 0.9
1376688458.41, -3.46944695195e-18, 0.0822123381518, 0.07, 0.0, 1.2
1376688458.44, -0.01, 0.0719868467634, 0.05, 0.0, 0.9
1376688458.47, -0.02, 0.0630069968622, 0.07, 0.0, 0.6
1376688458.5, -0.03, 0.0539046248475, 0.05, 0.0, 0.9
